lock acquisitions=955 contended=0 wait_ns=0 poller_contended=0 poller_wait_ns=0
points 1=rx_wake 2=rx_datagram 3=deliver 4=signaled 5=exec_wake 6=taken 7=publish 8=tx_done
stamp 1790410485263092503 281473121243168 5
stamp 1790410485263101059 281473065054272 8
stamp 1790410485263105781 281473065054272 1
stamp 1790410485263112855 281473065054272 2
stamp 1790410486264091809 281473065054272 8
stamp 1790410486264096568 281473065054272 1
stamp 1790410486264102606 281473065054272 2
stamp 1790410487265085076 281473065054272 8
stamp 1790410487265089520 281473065054272 1
stamp 1790410487265094779 281473065054272 2
stamp 1790410488266087543 281473065054272 8
stamp 1790410488266092024 281473065054272 1
stamp 1790410488266097117 281473065054272 2
stamp 1790410489267108026 281473065054272 8
stamp 1790410489267112766 281473065054272 1
stamp 1790410489267121452 281473065054272 2
stamp 1790410490268105746 281473065054272 8
stamp 1790410490268110487 281473065054272 1
stamp 1790410490268116820 281473065054272 2
stamp 1790410491269088464 281473065054272 8
stamp 1790410491269092946 281473065054272 1
stamp 1790410491269098297 281473065054272 2
stamp 1790410491781896457 281473065054272 1
stamp 1790410491781901401 281473065054272 2
stamp 1790410491781933549 281473065054272 8
stamp 1790410491782171309 281473065054272 1
stamp 1790410491782175531 281473065054272 2
stamp 1790410491801801039 281473065054272 1
stamp 1790410491801813169 281473065054272 2
stamp 1790410491801837613 281473065054272 3
stamp 1790410491801925187 281473065054272 4
stamp 1790410491801934280 281473121243168 5
stamp 1790410491801993854 281473121243168 6
stamp 1790410491802009780 281473121243168 7
stamp 1790410491802037058 281473121243168 8
stamp 1790410491902595081 281473065054272 1
stamp 1790410491902601526 281473065054272 2
stamp 1790410491902603489 281473065054272 3
stamp 1790410491902607674 281473065054272 4
stamp 1790410491902616322 281473121243168 5
stamp 1790410491902621452 281473121243168 6
stamp 1790410491902622618 281473121243168 7
stamp 1790410491902636433 281473121243168 8
stamp 1790410492003162401 281473065054272 1
stamp 1790410492003166068 281473065054272 2
stamp 1790410492003166864 281473065054272 3
stamp 1790410492003170216 281473065054272 4
stamp 1790410492003178883 281473121243168 5
stamp 1790410492003181179 281473121243168 6
stamp 1790410492003181920 281473121243168 7
stamp 1790410492003193901 281473121243168 8
stamp 1790410492103732813 281473065054272 1
stamp 1790410492103736332 281473065054272 2
stamp 1790410492103737165 281473065054272 3
stamp 1790410492103740462 281473065054272 4
stamp 1790410492103748628 281473121243168 5
stamp 1790410492103750739 281473121243168 6
stamp 1790410492103751424 281473121243168 7
stamp 1790410492103762795 281473121243168 8
stamp 1790410492204299948 281473065054272 1
stamp 1790410492204303374 281473065054272 2
stamp 1790410492204304114 281473065054272 3
stamp 1790410492204307374 281473065054272 4
stamp 1790410492204315577 281473121243168 5
stamp 1790410492204317652 281473121243168 6
stamp 1790410492204318263 281473121243168 7
stamp 1790410492204329615 281473121243168 8
stamp 1790410492269083141 281473065054272 8
stamp 1790410492269087901 281473065054272 1
stamp 1790410492269091716 281473065054272 2
stamp 1790410492304839823 281473065054272 1
stamp 1790410492304843804 281473065054272 2
stamp 1790410492304845119 281473065054272 3
stamp 1790410492304848675 281473065054272 4
stamp 1790410492304856841 281473121243168 5
stamp 1790410492304858934 281473121243168 6
stamp 1790410492304859508 281473121243168 7
stamp 1790410492304871212 281473121243168 8
stamp 1790410492405404754 281473065054272 1
stamp 1790410492405408328 281473065054272 2
stamp 1790410492405409161 281473065054272 3
stamp 1790410492405412439 281473065054272 4
stamp 1790410492405420531 281473121243168 5
stamp 1790410492405422624 281473121243168 6
stamp 1790410492405423235 281473121243168 7
stamp 1790410492405435643 281473121243168 8
stamp 1790410492505972147 281473065054272 1
stamp 1790410492505975592 281473065054272 2
stamp 1790410492505985647 281473065054272 3
stamp 1790410492505989073 281473065054272 4
stamp 1790410492505997166 281473121243168 5
stamp 1790410492505999129 281473121243168 6
stamp 1790410492505999758 281473121243168 7
stamp 1790410492506011110 281473121243168 8
stamp 1790410492606512597 281473065054272 1
stamp 1790410492606516356 281473065054272 2
stamp 1790410492606517282 281473065054272 3
stamp 1790410492606520560 281473065054272 4
stamp 1790410492606533671 281473121243168 5
stamp 1790410492606538356 281473121243168 6
stamp 1790410492606539782 281473121243168 7
stamp 1790410492606554708 281473121243168 8
stamp 1790410492707081509 281473065054272 1
stamp 1790410492707085750 281473065054272 2
stamp 1790410492707086953 281473065054272 3
stamp 1790410492707090583 281473065054272 4
stamp 1790410492707101287 281473121243168 5
stamp 1790410492707104787 281473121243168 6
stamp 1790410492707105898 281473121243168 7
stamp 1790410492707119287 281473121243168 8
stamp 1790410492781869762 281473065054272 1
stamp 1790410492781873688 281473065054272 2
stamp 1790410492807659884 281473065054272 1
stamp 1790410492807664051 281473065054272 2
stamp 1790410492807664791 281473065054272 3
stamp 1790410492807668199 281473065054272 4
stamp 1790410492807676810 281473121243168 5
stamp 1790410492807679088 281473121243168 6
stamp 1790410492807679699 281473121243168 7
stamp 1790410492807696014 281473121243168 8
stamp 1790410492908228667 281473065054272 1
stamp 1790410492908232796 281473065054272 2
stamp 1790410492908233555 281473065054272 3
stamp 1790410492908236815 281473065054272 4
stamp 1790410492908245185 281473121243168 5
stamp 1790410492908247241 281473121243168 6
stamp 1790410492908247870 281473121243168 7
stamp 1790410492908263926 281473121243168 8
stamp 1790410493008795116 281473065054272 1
stamp 1790410493008798616 281473065054272 2
stamp 1790410493008799375 281473065054272 3
stamp 1790410493008802560 281473065054272 4
stamp 1790410493008810116 281473121243168 5
stamp 1790410493008812468 281473121243168 6
stamp 1790410493008813116 281473121243168 7
stamp 1790410493008825338 281473121243168 8
stamp 1790410493109362546 281473065054272 1
stamp 1790410493109366361 281473065054272 2
stamp 1790410493109367213 281473065054272 3
stamp 1790410493109370546 281473065054272 4
stamp 1790410493109378565 281473121243168 5
stamp 1790410493109380639 281473121243168 6
stamp 1790410493109381231 281473121243168 7
stamp 1790410493109394380 281473121243168 8
stamp 1790410493209927865 281473065054272 1
stamp 1790410493209931440 281473065054272 2
stamp 1790410493209932217 281473065054272 3
stamp 1790410493209935421 281473065054272 4
stamp 1790410493209943403 281473121243168 5
stamp 1790410493209945384 281473121243168 6
stamp 1790410493209945977 281473121243168 7
stamp 1790410493209957551 281473121243168 8
stamp 1790410493269078964 281473065054272 8
stamp 1790410493269082927 281473065054272 1
stamp 1790410493269086501 281473065054272 2
stamp 1790410493310493000 281473065054272 1
stamp 1790410493310496648 281473065054272 2
stamp 1790410493310497574 281473065054272 3
stamp 1790410493310500963 281473065054272 4
stamp 1790410493310510703 281473121243168 5
stamp 1790410493310512870 281473121243168 6
stamp 1790410493310513481 281473121243168 7
stamp 1790410493310525129 281473121243168 8
stamp 1790410493411057763 281473065054272 1
stamp 1790410493411069615 281473065054272 2
stamp 1790410493411070430 281473065054272 3
stamp 1790410493411073745 281473065054272 4
stamp 1790410493411081671 281473121243168 5
stamp 1790410493411083745 281473121243168 6
stamp 1790410493411084338 281473121243168 7
stamp 1790410493411095689 281473121243168 8
stamp 1790410493511623009 281473065054272 1
stamp 1790410493511626823 281473065054272 2
stamp 1790410493511627564 281473065054272 3
stamp 1790410493511630805 281473065054272 4
stamp 1790410493511638657 281473121243168 5
stamp 1790410493511640749 281473121243168 6
stamp 1790410493511641286 281473121243168 7
stamp 1790410493511652675 281473121243168 8
stamp 1790410493612196180 281473065054272 1
stamp 1790410493612200235 281473065054272 2
stamp 1790410493612201124 281473065054272 3
stamp 1790410493612204124 281473065054272 4
stamp 1790410493612218421 281473121243168 5
stamp 1790410493612225735 281473121243168 6
stamp 1790410493612228161 281473121243168 7
stamp 1790410493612245754 281473121243168 8
stamp 1790410493712762981 281473065054272 1
stamp 1790410493712766684 281473065054272 2
stamp 1790410493712767758 281473065054272 3
stamp 1790410493712770962 281473065054272 4
stamp 1790410493712781870 281473121243168 5
stamp 1790410493712785777 281473121243168 6
stamp 1790410493712787018 281473121243168 7
stamp 1790410493712801147 281473121243168 8
stamp 1790410493781867083 281473065054272 1
stamp 1790410493781870880 281473065054272 2
stamp 1790410493813323781 281473065054272 1
stamp 1790410493813327411 281473065054272 2
stamp 1790410493813328096 281473065054272 3
stamp 1790410493813331448 281473065054272 4
stamp 1790410493813341874 281473121243168 5
stamp 1790410493813345226 281473121243168 6
stamp 1790410493813346096 281473121243168 7
stamp 1790410493813357893 281473121243168 8
stamp 1790410493913887934 281473065054272 1
stamp 1790410493913891823 281473065054272 2
stamp 1790410493913892619 281473065054272 3
stamp 1790410493913895916 281473065054272 4
stamp 1790410493913904767 281473121243168 5
stamp 1790410493913908230 281473121243168 6
stamp 1790410493913908990 281473121243168 7
stamp 1790410493913921342 281473121243168 8
stamp 1790410494014454050 281473065054272 1
stamp 1790410494014457476 281473065054272 2
stamp 1790410494014458198 281473065054272 3
stamp 1790410494014461402 281473065054272 4
stamp 1790410494014469568 281473121243168 5
stamp 1790410494014472587 281473121243168 6
stamp 1790410494014473272 281473121243168 7
stamp 1790410494014484698 281473121243168 8
stamp 1790410494115020313 281473065054272 1
stamp 1790410494115024017 281473065054272 2
stamp 1790410494115024776 281473065054272 3
stamp 1790410494115028035 281473065054272 4
stamp 1790410494115036091 281473121243168 5
stamp 1790410494115038980 281473121243168 6
stamp 1790410494115039665 281473121243168 7
stamp 1790410494115051258 281473121243168 8
stamp 1790410494215589762 281473065054272 1
stamp 1790410494215593132 281473065054272 2
stamp 1790410494215593873 281473065054272 3
stamp 1790410494215597058 281473065054272 4
stamp 1790410494215605317 281473121243168 5
stamp 1790410494215608262 281473121243168 6
stamp 1790410494215608966 281473121243168 7
stamp 1790410494215620780 281473121243168 8
stamp 1790410494269079247 281473065054272 8
stamp 1790410494269083062 281473065054272 1
stamp 1790410494269086506 281473065054272 2
stamp 1790410494316155692 281473065054272 1
stamp 1790410494316159470 281473065054272 2
stamp 1790410494316160433 281473065054272 3
stamp 1790410494316163896 281473065054272 4
stamp 1790410494316171970 281473121243168 5
stamp 1790410494316174822 281473121243168 6
stamp 1790410494316175525 281473121243168 7
stamp 1790410494316186970 281473121243168 8
stamp 1790410494416725622 281473065054272 1
stamp 1790410494416729048 281473065054272 2
stamp 1790410494416729789 281473065054272 3
stamp 1790410494416733029 281473065054272 4
stamp 1790410494416740715 281473121243168 5
stamp 1790410494416743696 281473121243168 6
stamp 1790410494416744418 281473121243168 7
stamp 1790410494416756085 281473121243168 8
stamp 1790410494517293404 281473065054272 1
stamp 1790410494517296904 281473065054272 2
stamp 1790410494517297719 281473065054272 3
stamp 1790410494517309867 281473065054272 4
stamp 1790410494517318089 281473121243168 5
stamp 1790410494517320978 281473121243168 6
stamp 1790410494517321682 281473121243168 7
stamp 1790410494517333256 281473121243168 8
stamp 1790410494617842482 281473065054272 1
stamp 1790410494617847964 281473065054272 2
stamp 1790410494617849594 281473065054272 3
stamp 1790410494617854168 281473065054272 4
stamp 1790410494617862260 281473121243168 5
stamp 1790410494617865519 281473121243168 6
stamp 1790410494617866316 281473121243168 7
stamp 1790410494617878427 281473121243168 8
stamp 1790410494718409505 281473065054272 1
stamp 1790410494718413227 281473065054272 2
stamp 1790410494718414005 281473065054272 3
stamp 1790410494718417394 281473065054272 4
stamp 1790410494718425061 281473121243168 5
stamp 1790410494718428246 281473121243168 6
stamp 1790410494718428968 281473121243168 7
stamp 1790410494718442913 281473121243168 8
stamp 1790410494781864290 281473065054272 1
stamp 1790410494781869235 281473065054272 2
stamp 1790410494818980824 281473065054272 1
stamp 1790410494818985065 281473065054272 2
stamp 1790410494818985861 281473065054272 3
stamp 1790410494818989306 281473065054272 4
stamp 1790410494818997621 281473121243168 5
stamp 1790410494819000583 281473121243168 6
stamp 1790410494819001380 281473121243168 7
stamp 1790410494819012917 281473121243168 8
stamp 1790410494919511773 281473065054272 1
stamp 1790410494919515495 281473065054272 2
stamp 1790410494919516254 281473065054272 3
stamp 1790410494919519495 281473065054272 4
stamp 1790410494919527606 281473121243168 5
stamp 1790410494919530477 281473121243168 6
stamp 1790410494919531162 281473121243168 7
stamp 1790410494919542680 281473121243168 8
stamp 1790410495020077888 281473065054272 1
stamp 1790410495020081481 281473065054272 2
stamp 1790410495020082221 281473065054272 3
stamp 1790410495020085407 281473065054272 4
stamp 1790410495020093314 281473121243168 5
stamp 1790410495020096147 281473121243168 6
stamp 1790410495020096814 281473121243168 7
stamp 1790410495020108092 281473121243168 8
stamp 1790410495120642985 281473065054272 1
stamp 1790410495120646633 281473065054272 2
stamp 1790410495120647392 281473065054272 3
stamp 1790410495120650596 281473065054272 4
stamp 1790410495120658485 281473121243168 5
stamp 1790410495120661300 281473121243168 6
stamp 1790410495120662022 281473121243168 7
stamp 1790410495120673522 281473121243168 8
stamp 1790410495221208655 281473065054272 1
stamp 1790410495221212211 281473065054272 2
stamp 1790410495221212970 281473065054272 3
stamp 1790410495221216211 281473065054272 4
stamp 1790410495221224285 281473121243168 5
stamp 1790410495221227081 281473121243168 6
stamp 1790410495221227766 281473121243168 7
stamp 1790410495221239229 281473121243168 8
stamp 1790410495269082082 281473065054272 8
stamp 1790410495269086267 281473065054272 1
stamp 1790410495269090638 281473065054272 2
stamp 1790410495321775159 281473065054272 1
stamp 1790410495321779307 281473065054272 2
stamp 1790410495321780307 281473065054272 3
stamp 1790410495321783733 281473065054272 4
stamp 1790410495321791733 281473121243168 5
stamp 1790410495321794659 281473121243168 6
stamp 1790410495321795363 281473121243168 7
stamp 1790410495321808419 281473121243168 8
stamp 1790410495422343848 281473065054272 1
stamp 1790410495422347682 281473065054272 2
stamp 1790410495422348496 281473065054272 3
stamp 1790410495422351811 281473065054272 4
stamp 1790410495422359719 281473121243168 5
stamp 1790410495422362848 281473121243168 6
stamp 1790410495422363589 281473121243168 7
stamp 1790410495422375848 281473121243168 8
stamp 1790410495522922482 281473065054272 1
stamp 1790410495522927926 281473065054272 2
stamp 1790410495522929426 281473065054272 3
stamp 1790410495522933204 281473065054272 4
stamp 1790410495522947334 281473121243168 5
stamp 1790410495522953278 281473121243168 6
stamp 1790410495522955223 281473121243168 7
stamp 1790410495522984019 281473121243168 8
stamp 1790410495623473523 281473065054272 1
stamp 1790410495623477208 281473065054272 2
stamp 1790410495623478023 281473065054272 3
stamp 1790410495623481393 281473065054272 4
stamp 1790410495623490838 281473121243168 5
stamp 1790410495623494727 281473121243168 6
stamp 1790410495623495912 281473121243168 7
stamp 1790410495623511375 281473121243168 8
stamp 1790410495724041694 281473065054272 1
stamp 1790410495724045416 281473065054272 2
stamp 1790410495724046231 281473065054272 3
stamp 1790410495724049360 281473065054272 4
stamp 1790410495724058897 281473121243168 5
stamp 1790410495724063694 281473121243168 6
stamp 1790410495724065175 281473121243168 7
stamp 1790410495724083397 281473121243168 8
stamp 1790410495781823624 281473065054272 1
stamp 1790410495781827495 281473065054272 2
stamp 1790410495824601975 281473065054272 1
stamp 1790410495824605475 281473065054272 2
stamp 1790410495824606123 281473065054272 3
stamp 1790410495824609438 281473065054272 4
stamp 1790410495824618197 281473121243168 5
stamp 1790410495824621475 281473121243168 6
stamp 1790410495824622457 281473121243168 7
stamp 1790410495824634364 281473121243168 8
stamp 1790410495925170609 281473065054272 1
stamp 1790410495925174424 281473065054272 2
stamp 1790410495925175424 281473065054272 3
stamp 1790410495925178812 281473065054272 4
stamp 1790410495925186849 281473121243168 5
stamp 1790410495925190109 281473121243168 6
stamp 1790410495925190868 281473121243168 7
stamp 1790410495925202942 281473121243168 8
stamp 1790410496025741964 281473065054272 1
stamp 1790410496025746483 281473065054272 2
stamp 1790410496025747316 281473065054272 3
stamp 1790410496025750576 281473065054272 4
stamp 1790410496025758779 281473121243168 5
stamp 1790410496025761613 281473121243168 6
stamp 1790410496025762335 281473121243168 7
stamp 1790410496025773890 281473121243168 8
stamp 1790410496126309561 281473065054272 1
stamp 1790410496126313098 281473065054272 2
stamp 1790410496126313820 281473065054272 3
stamp 1790410496126317061 281473065054272 4
stamp 1790410496126325098 281473121243168 5
stamp 1790410496126327950 281473121243168 6
stamp 1790410496126328672 281473121243168 7
stamp 1790410496126340079 281473121243168 8
stamp 1790410496226833009 281473065054272 1
stamp 1790410496226836416 281473065054272 2
stamp 1790410496226837138 281473065054272 3
stamp 1790410496226840398 281473065054272 4
stamp 1790410496226848101 281473121243168 5
stamp 1790410496226851212 281473121243168 6
stamp 1790410496226851953 281473121243168 7
stamp 1790410496226869472 281473121243168 8
stamp 1790410496269085081 281473065054272 8
stamp 1790410496269089674 281473065054272 1
stamp 1790410496269093655 281473065054272 2
stamp 1790410496327399012 281473065054272 1
stamp 1790410496327402679 281473065054272 2
stamp 1790410496327403716 281473065054272 3
stamp 1790410496327407327 281473065054272 4
stamp 1790410496327415364 281473121243168 5
stamp 1790410496327418327 281473121243168 6
stamp 1790410496327419012 281473121243168 7
stamp 1790410496327431049 281473121243168 8
stamp 1790410496427974812 281473065054272 1
stamp 1790410496427979257 281473065054272 2
stamp 1790410496427980016 281473065054272 3
stamp 1790410496427983461 281473065054272 4
stamp 1790410496427991349 281473121243168 5
stamp 1790410496427994349 281473121243168 6
stamp 1790410496427995053 281473121243168 7
stamp 1790410496428007294 281473121243168 8
stamp 1790410496528505834 281473065054272 1
stamp 1790410496528509408 281473065054272 2
stamp 1790410496528510149 281473065054272 3
stamp 1790410496528513408 281473065054272 4
stamp 1790410496528521427 281473121243168 5
stamp 1790410496528529223 281473121243168 6
stamp 1790410496528529964 281473121243168 7
stamp 1790410496528542038 281473121243168 8
stamp 1790410496629073375 281473065054272 1
stamp 1790410496629077912 281473065054272 2
stamp 1790410496629078764 281473065054272 3
stamp 1790410496629081912 281473065054272 4
stamp 1790410496629095097 281473121243168 5
stamp 1790410496629099949 281473121243168 6
stamp 1790410496629101708 281473121243168 7
stamp 1790410496629117412 281473121243168 8
stamp 1790410496729639083 281473065054272 1
stamp 1790410496729646268 281473065054272 2
stamp 1790410496729646953 281473065054272 3
stamp 1790410496729650212 281473065054272 4
stamp 1790410496729660360 281473121243168 5
stamp 1790410496729663916 281473121243168 6
stamp 1790410496729664990 281473121243168 7
stamp 1790410496729678342 281473121243168 8
stamp 1790410496781863307 281473065054272 1
stamp 1790410496781866974 281473065054272 2
stamp 1790410496830216605 281473065054272 1
stamp 1790410496830220382 281473065054272 2
stamp 1790410496830221049 281473065054272 3
stamp 1790410496830224364 281473065054272 4
stamp 1790410496830232920 281473121243168 5
stamp 1790410496830235123 281473121243168 6
stamp 1790410496830235753 281473121243168 7
stamp 1790410496830247605 281473121243168 8
stamp 1790410496930789534 281473065054272 1
stamp 1790410496930792923 281473065054272 2
stamp 1790410496930793682 281473065054272 3
stamp 1790410496930796960 281473065054272 4
stamp 1790410496930804979 281473121243168 5
stamp 1790410496930807497 281473121243168 6
stamp 1790410496930808349 281473121243168 7
stamp 1790410496930823590 281473121243168 8
stamp 1790410497031354519 281473065054272 1
stamp 1790410497031358186 281473065054272 2
stamp 1790410497031358890 281473065054272 3
stamp 1790410497031362168 281473065054272 4
stamp 1790410497031370482 281473121243168 5
stamp 1790410497031372742 281473121243168 6
stamp 1790410497031373593 281473121243168 7
stamp 1790410497031385093 281473121243168 8
stamp 1790410497131925578 281473065054272 1
stamp 1790410497131928930 281473065054272 2
stamp 1790410497131929652 281473065054272 3
stamp 1790410497131932856 281473065054272 4
stamp 1790410497131940949 281473121243168 5
stamp 1790410497131943134 281473121243168 6
stamp 1790410497131943782 281473121243168 7
stamp 1790410497131955449 281473121243168 8
stamp 1790410497232492211 281473065054272 1
stamp 1790410497232495952 281473065054272 2
stamp 1790410497232496693 281473065054272 3
stamp 1790410497232499841 281473065054272 4
stamp 1790410497232513156 281473121243168 5
stamp 1790410497232517989 281473121243168 6
stamp 1790410497232519433 281473121243168 7
stamp 1790410497232534952 281473121243168 8
stamp 1790410497269077615 281473065054272 8
stamp 1790410497269081559 281473065054272 1
stamp 1790410497269085152 281473065054272 2
stamp 1790410497333065178 281473065054272 1
stamp 1790410497333070992 281473065054272 2
stamp 1790410497333072511 281473065054272 3
stamp 1790410497333077233 281473065054272 4
stamp 1790410497333087807 281473121243168 5
stamp 1790410497333092363 281473121243168 6
stamp 1790410497333093937 281473121243168 7
stamp 1790410497333109844 281473121243168 8
stamp 1790410497433625774 281473065054272 1
stamp 1790410497433629348 281473065054272 2
stamp 1790410497433630125 281473065054272 3
stamp 1790410497433633422 281473065054272 4
stamp 1790410497433642885 281473121243168 5
stamp 1790410497433645551 281473121243168 6
stamp 1790410497433646366 281473121243168 7
stamp 1790410497433658903 281473121243168 8
stamp 1790410497534192166 281473065054272 1
stamp 1790410497534196036 281473065054272 2
stamp 1790410497534196869 281473065054272 3
stamp 1790410497534200203 281473065054272 4
stamp 1790410497534208444 281473121243168 5
stamp 1790410497534210925 281473121243168 6
stamp 1790410497534211629 281473121243168 7
stamp 1790410497534223518 281473121243168 8
stamp 1790410497634760373 281473065054272 1
stamp 1790410497634764058 281473065054272 2
stamp 1790410497634764891 281473065054272 3
stamp 1790410497634768039 281473065054272 4
stamp 1790410497634776410 281473121243168 5
stamp 1790410497634778725 281473121243168 6
stamp 1790410497634779354 281473121243168 7
stamp 1790410497634791540 281473121243168 8
stamp 1790410497735326691 281473065054272 1
stamp 1790410497735330061 281473065054272 2
stamp 1790410497735330784 281473065054272 3
stamp 1790410497735333969 281473065054272 4
stamp 1790410497735342228 281473121243168 5
stamp 1790410497735344524 281473121243168 6
stamp 1790410497735345172 281473121243168 7
stamp 1790410497735357932 281473121243168 8
stamp 1790410497781861136 281473065054272 1
stamp 1790410497781864802 281473065054272 2
stamp 1790410497835892305 281473065054272 1
stamp 1790410497835897194 281473065054272 2
stamp 1790410497835898417 281473065054272 3
stamp 1790410497835901843 281473065054272 4
stamp 1790410497835909935 281473121243168 5
stamp 1790410497835912046 281473121243168 6
stamp 1790410497835912768 281473121243168 7
stamp 1790410497835925009 281473121243168 8
stamp 1790410497936458401 281473065054272 1
stamp 1790410497936462957 281473065054272 2
stamp 1790410497936463846 281473065054272 3
stamp 1790410497936467235 281473065054272 4
stamp 1790410497936475513 281473121243168 5
stamp 1790410497936478105 281473121243168 6
stamp 1790410497936478864 281473121243168 7
stamp 1790410497936494938 281473121243168 8
stamp 1790410498037026145 281473065054272 1
stamp 1790410498037030923 281473065054272 2
stamp 1790410498037031849 281473065054272 3
stamp 1790410498037035127 281473065054272 4
stamp 1790410498037043627 281473121243168 5
stamp 1790410498037046275 281473121243168 6
stamp 1790410498037047108 281473121243168 7
stamp 1790410498037061238 281473121243168 8
stamp 1790410498137605612 281473065054272 1
stamp 1790410498137609612 281473065054272 2
stamp 1790410498137610389 281473065054272 3
stamp 1790410498137613575 281473065054272 4
stamp 1790410498137622093 281473121243168 5
stamp 1790410498137624278 281473121243168 6
stamp 1790410498137624945 281473121243168 7
stamp 1790410498137655482 281473121243168 8
stamp 1790410498238171096 281473065054272 1
stamp 1790410498238174578 281473065054272 2
stamp 1790410498238175318 281473065054272 3
stamp 1790410498238178596 281473065054272 4
stamp 1790410498238189263 281473121243168 5
stamp 1790410498238192596 281473121243168 6
stamp 1790410498238193596 281473121243168 7
stamp 1790410498238206911 281473121243168 8
stamp 1790410498269080923 281473065054272 8
stamp 1790410498269084979 281473065054272 1
stamp 1790410498269088608 281473065054272 2
stamp 1790410498338736303 281473065054272 1
stamp 1790410498338740118 281473065054272 2
stamp 1790410498338741155 281473065054272 3
stamp 1790410498338744599 281473065054272 4
stamp 1790410498338754951 281473121243168 5
stamp 1790410498338758192 281473121243168 6
stamp 1790410498338759025 281473121243168 7
stamp 1790410498338770784 281473121243168 8
stamp 1790410498439299213 281473065054272 1
stamp 1790410498439302750 281473065054272 2
stamp 1790410498439303528 281473065054272 3
stamp 1790410498439306695 281473065054272 4
stamp 1790410498439315010 281473121243168 5
stamp 1790410498439318028 281473121243168 6
stamp 1790410498439318713 281473121243168 7
stamp 1790410498439330139 281473121243168 8
stamp 1790410498539830420 281473065054272 1
stamp 1790410498539833846 281473065054272 2
stamp 1790410498539834605 281473065054272 3
stamp 1790410498539837809 281473065054272 4
stamp 1790410498539845939 281473121243168 5
stamp 1790410498539848809 281473121243168 6
stamp 1790410498539849476 281473121243168 7
stamp 1790410498539861050 281473121243168 8
stamp 1790410498640398257 281473065054272 1
stamp 1790410498640403664 281473065054272 2
stamp 1790410498640405182 281473065054272 3
stamp 1790410498640409720 281473065054272 4
stamp 1790410498640417812 281473121243168 5
stamp 1790410498640421220 281473121243168 6
stamp 1790410498640421905 281473121243168 7
stamp 1790410498640433942 281473121243168 8
stamp 1790410498740958871 281473065054272 1
stamp 1790410498740969926 281473065054272 2
stamp 1790410498740970760 281473065054272 3
stamp 1790410498740974223 281473065054272 4
stamp 1790410498740982389 281473121243168 5
stamp 1790410498740985315 281473121243168 6
stamp 1790410498740985963 281473121243168 7
stamp 1790410498740997574 281473121243168 8
stamp 1790410498781861961 281473065054272 1
stamp 1790410498781865517 281473065054272 2
stamp 1790410498841502596 281473065054272 1
stamp 1790410498841506189 281473065054272 2
stamp 1790410498841506874 281473065054272 3
stamp 1790410498841510189 281473065054272 4
stamp 1790410498841518096 281473121243168 5
stamp 1790410498841521170 281473121243168 6
stamp 1790410498841521837 281473121243168 7
stamp 1790410498841533689 281473121243168 8
stamp 1790410498942067673 281473065054272 1
stamp 1790410498942071284 281473065054272 2
stamp 1790410498942072025 281473065054272 3
stamp 1790410498942075414 281473065054272 4
stamp 1790410498942083543 281473121243168 5
stamp 1790410498942086858 281473121243168 6
stamp 1790410498942087858 281473121243168 7
stamp 1790410498942103062 281473121243168 8
stamp 1790410499042631658 281473065054272 1
stamp 1790410499042635158 281473065054272 2
stamp 1790410499042635880 281473065054272 3
stamp 1790410499042639046 281473065054272 4
stamp 1790410499042647361 281473121243168 5
stamp 1790410499042650491 281473121243168 6
stamp 1790410499042651417 281473121243168 7
stamp 1790410499042663343 281473121243168 8
stamp 1790410499143190975 281473065054272 1
stamp 1790410499143194790 281473065054272 2
stamp 1790410499143195568 281473065054272 3
stamp 1790410499143198957 281473065054272 4
stamp 1790410499143207142 281473121243168 5
stamp 1790410499143210012 281473121243168 6
stamp 1790410499143210679 281473121243168 7
stamp 1790410499143222494 281473121243168 8
stamp 1790410499243756108 281473065054272 1
stamp 1790410499243759663 281473065054272 2
stamp 1790410499243760385 281473065054272 3
stamp 1790410499243763626 281473065054272 4
stamp 1790410499243771330 281473121243168 5
stamp 1790410499243774459 281473121243168 6
stamp 1790410499243775182 281473121243168 7
stamp 1790410499243789534 281473121243168 8
stamp 1790410499269082358 281473065054272 8
stamp 1790410499269086803 281473065054272 1
stamp 1790410499269090803 281473065054272 2
stamp 1790410499344318944 281473065054272 1
stamp 1790410499344323314 281473065054272 2
stamp 1790410499344324277 281473065054272 3
stamp 1790410499344327740 281473065054272 4
stamp 1790410499344335962 281473121243168 5
stamp 1790410499344338888 281473121243168 6
stamp 1790410499344339610 281473121243168 7
stamp 1790410499344351573 281473121243168 8
stamp 1790410499444882687 281473065054272 1
stamp 1790410499444887428 281473065054272 2
stamp 1790410499444888280 281473065054272 3
stamp 1790410499444891613 281473065054272 4
stamp 1790410499444899687 281473121243168 5
stamp 1790410499444902502 281473121243168 6
stamp 1790410499444903132 281473121243168 7
stamp 1790410499444914576 281473121243168 8
stamp 1790410499545445764 281473065054272 1
stamp 1790410499545449690 281473065054272 2
stamp 1790410499545450468 281473065054272 3
stamp 1790410499545453709 281473065054272 4
stamp 1790410499545461560 281473121243168 5
stamp 1790410499545464412 281473121243168 6
stamp 1790410499545465079 281473121243168 7
stamp 1790410499545476431 281473121243168 8
stamp 1790410499646017156 281473065054272 1
stamp 1790410499646022193 281473065054272 2
stamp 1790410499646023378 281473065054272 3
stamp 1790410499646026915 281473065054272 4
stamp 1790410499646036156 281473121243168 5
stamp 1790410499646039785 281473121243168 6
stamp 1790410499646040878 281473121243168 7
stamp 1790410499646054008 281473121243168 8
stamp 1790410499746572788 281473065054272 1
stamp 1790410499746576603 281473065054272 2
stamp 1790410499746577455 281473065054272 3
stamp 1790410499746580788 281473065054272 4
stamp 1790410499746589029 281473121243168 5
stamp 1790410499746592010 281473121243168 6
stamp 1790410499746592659 281473121243168 7
stamp 1790410499746604177 281473121243168 8
stamp 1790410499781860969 281473065054272 1
stamp 1790410499781864487 281473065054272 2
stamp 1790410499847131921 281473065054272 1
stamp 1790410499847135939 281473065054272 2
stamp 1790410499847136939 281473065054272 3
stamp 1790410499847140384 281473065054272 4
stamp 1790410499847148606 281473121243168 5
stamp 1790410499847151495 281473121243168 6
stamp 1790410499847152143 281473121243168 7
stamp 1790410499847165624 281473121243168 8
stamp 1790410499947671460 281473065054272 1
stamp 1790410499947675479 281473065054272 2
stamp 1790410499947676331 281473065054272 3
stamp 1790410499947679738 281473065054272 4
stamp 1790410499947687720 281473121243168 5
stamp 1790410499947691072 281473121243168 6
stamp 1790410499947692072 281473121243168 7
stamp 1790410499947708997 281473121243168 8
stamp 1790410500048235759 281473065054272 1
stamp 1790410500048240130 281473065054272 2
stamp 1790410500048240871 281473065054272 3
stamp 1790410500048244130 281473065054272 4
stamp 1790410500048252278 281473121243168 5
stamp 1790410500048255537 281473121243168 6
stamp 1790410500048256463 281473121243168 7
stamp 1790410500048269000 281473121243168 8
stamp 1790410500148802095 281473065054272 1
stamp 1790410500148806003 281473065054272 2
stamp 1790410500148806743 281473065054272 3
stamp 1790410500148809910 281473065054272 4
stamp 1790410500148818540 281473121243168 5
stamp 1790410500148822540 281473121243168 6
stamp 1790410500148823540 281473121243168 7
stamp 1790410500148837225 281473121243168 8
stamp 1790410500249366227 281473065054272 1
stamp 1790410500249370227 281473065054272 2
stamp 1790410500249370968 281473065054272 3
stamp 1790410500249374246 281473065054272 4
stamp 1790410500249382431 281473121243168 5
stamp 1790410500249385450 281473121243168 6
stamp 1790410500249386079 281473121243168 7
stamp 1790410500249398283 281473121243168 8
stamp 1790410500269082346 281473065054272 8
stamp 1790410500269086587 281473065054272 1
stamp 1790410500269090939 281473065054272 2
stamp 1790410500349930063 281473065054272 1
stamp 1790410500349934304 281473065054272 2
stamp 1790410500349935341 281473065054272 3
stamp 1790410500349938748 281473065054272 4
stamp 1790410500349947100 281473121243168 5
stamp 1790410500349950008 281473121243168 6
stamp 1790410500349950637 281473121243168 7
stamp 1790410500349972674 281473121243168 8
stamp 1790410500450493955 281473065054272 1
stamp 1790410500450497492 281473065054272 2
stamp 1790410500450498269 281473065054272 3
stamp 1790410500450501455 281473065054272 4
stamp 1790410500450509603 281473121243168 5
stamp 1790410500450512695 281473121243168 6
stamp 1790410500450513418 281473121243168 7
stamp 1790410500450526325 281473121243168 8
stamp 1790410500551056531 281473065054272 1
stamp 1790410500551059939 281473065054272 2
stamp 1790410500551060698 281473065054272 3
stamp 1790410500551063902 281473065054272 4
stamp 1790410500551071809 281473121243168 5
stamp 1790410500551087142 281473121243168 6
stamp 1790410500551088068 281473121243168 7
stamp 1790410500551100513 281473121243168 8
stamp 1790410500651622089 281473065054272 1
stamp 1790410500651625645 281473065054272 2
stamp 1790410500651626478 281473065054272 3
stamp 1790410500651629552 281473065054272 4
stamp 1790410500651642552 281473121243168 5
stamp 1790410500651647497 281473121243168 6
stamp 1790410500651649034 281473121243168 7
stamp 1790410500651664960 281473121243168 8
stamp 1790410500752187314 281473065054272 1
stamp 1790410500752190721 281473065054272 2
stamp 1790410500752191462 281473065054272 3
stamp 1790410500752194684 281473065054272 4
stamp 1790410500752205370 281473121243168 5
stamp 1790410500752209055 281473121243168 6
stamp 1790410500752210147 281473121243168 7
stamp 1790410500752223777 281473121243168 8
stamp 1790410500781855177 281473065054272 1
stamp 1790410500781858603 281473065054272 2
stamp 1790410500852756057 281473065054272 1
stamp 1790410500852765057 281473065054272 2
stamp 1790410500852765724 281473065054272 3
stamp 1790410500852768816 281473065054272 4
stamp 1790410500852778205 281473121243168 5
stamp 1790410500852781890 281473121243168 6
stamp 1790410500852783205 281473121243168 7
stamp 1790410500852802353 281473121243168 8
stamp 1790410500953318523 281473065054272 1
stamp 1790410500953322893 281473065054272 2
stamp 1790410500953323708 281473065054272 3
stamp 1790410500953327004 281473065054272 4
stamp 1790410500953335337 281473121243168 5
stamp 1790410500953338226 281473121243168 6
stamp 1790410500953339282 281473121243168 7
stamp 1790410500953355949 281473121243168 8
stamp 1790410501053889507 281473065054272 1
stamp 1790410501053893210 281473065054272 2
stamp 1790410501053894044 281473065054272 3
stamp 1790410501053897229 281473065054272 4
stamp 1790410501053905062 281473121243168 5
stamp 1790410501053907451 281473121243168 6
stamp 1790410501053908358 281473121243168 7
stamp 1790410501053920710 281473121243168 8
stamp 1790410501154495361 281473065054272 1
stamp 1790410501154499287 281473065054272 2
stamp 1790410501154500064 281473065054272 3
stamp 1790410501154503249 281473065054272 4
stamp 1790410501154511120 281473121243168 5
stamp 1790410501154513342 281473121243168 6
stamp 1790410501154514009 281473121243168 7
stamp 1790410501154526009 281473121243168 8
stamp 1790410501255137881 281473065054272 1
stamp 1790410501255148659 281473065054272 2
stamp 1790410501255154696 281473065054272 3
stamp 1790410501255162381 281473065054272 4
stamp 1790410501255175289 281473121243168 5
stamp 1790410501255196567 281473121243168 6
stamp 1790410501255202715 281473121243168 7
stamp 1790410501255238252 281473121243168 8
stamp 1790410501269090461 281473065054272 8
stamp 1790410501269095591 281473065054272 1
stamp 1790410501269100461 281473065054272 2
stamp 1790410501355836569 281473065054272 1
stamp 1790410501355840643 281473065054272 2
stamp 1790410501355842365 281473065054272 3
stamp 1790410501355846106 281473065054272 4
stamp 1790410501355854643 281473121243168 5
stamp 1790410501355860235 281473121243168 6
stamp 1790410501355861884 281473121243168 7
stamp 1790410501355879606 281473121243168 8
stamp 1790410501456396849 281473065054272 1
stamp 1790410501456400460 281473065054272 2
stamp 1790410501456401256 281473065054272 3
stamp 1790410501456404478 281473065054272 4
stamp 1790410501456412553 281473121243168 5
stamp 1790410501456416145 281473121243168 6
stamp 1790410501456417219 281473121243168 7
stamp 1790410501456432312 281473121243168 8
stamp 1790410501556954314 281473065054272 1
stamp 1790410501556958258 281473065054272 2
stamp 1790410501556959018 281473065054272 3
stamp 1790410501556973166 281473065054272 4
stamp 1790410501556981518 281473121243168 5
stamp 1790410501556984851 281473121243168 6
stamp 1790410501556985795 281473121243168 7
stamp 1790410501556998258 281473121243168 8
stamp 1790410501657507205 281473065054272 1
stamp 1790410501657514075 281473065054272 2
stamp 1790410501657515668 281473065054272 3
stamp 1790410501657520353 281473065054272 4
stamp 1790410501657528501 281473121243168 5
stamp 1790410501657531816 281473121243168 6
stamp 1790410501657532724 281473121243168 7
stamp 1790410501657545464 281473121243168 8
stamp 1790410501758062522 281473065054272 1
stamp 1790410501758066467 281473065054272 2
stamp 1790410501758067355 281473065054272 3
stamp 1790410501758070855 281473065054272 4
stamp 1790410501758078818 281473121243168 5
stamp 1790410501758081985 281473121243168 6
stamp 1790410501758082763 281473121243168 7
stamp 1790410501758095170 281473121243168 8
stamp 1790410501781863439 281473065054272 1
stamp 1790410501781867161 281473065054272 2
stamp 1790410501858721932 281473065054272 1
stamp 1790410501858729432 281473065054272 2
stamp 1790410501858735728 281473065054272 2
stamp 1790410501859063636 281473065054272 1
stamp 1790410501859067043 281473065054272 2
stamp 1790410501892179611 281473065054272 1
stamp 1790410501892182889 281473065054272 2
stamp 1790410502270105073 281473065054272 8
stamp 1790410502270108925 281473065054272 1
stamp 1790410502270115443 281473065054272 2
