lock acquisitions=976 contended=1 wait_ns=10666 poller_contended=1 poller_wait_ns=10666
points 1=rx_wake 2=rx_datagram 3=deliver 4=signaled 5=exec_wake 6=taken 7=publish 8=tx_done
stamp 1790410464194111213 281473231872064 8
stamp 1790410464194115991 281473231872064 1
stamp 1790410464194120417 281473231872064 2
stamp 1790410464194183657 281473362472992 5
stamp 1790410465194092582 281473231872064 8
stamp 1790410465194097934 281473231872064 1
stamp 1790410465194102174 281473231872064 2
stamp 1790410466195082633 281473231872064 8
stamp 1790410466195086633 281473231872064 1
stamp 1790410466195090151 281473231872064 2
stamp 1790410467197084719 281473231872064 8
stamp 1790410467197089052 281473231872064 1
stamp 1790410467197092478 281473231872064 2
stamp 1790410468198097820 281473231872064 8
stamp 1790410468198102634 281473231872064 1
stamp 1790410468198107338 281473231872064 2
stamp 1790410469199113028 281473231872064 8
stamp 1790410469199117732 281473231872064 1
stamp 1790410469199122973 281473231872064 2
stamp 1790410470200090012 281473231872064 8
stamp 1790410470200094364 281473231872064 1
stamp 1790410470200098234 281473231872064 2
stamp 1790410470325919610 281473231872064 1
stamp 1790410470325923202 281473231872064 2
stamp 1790410470325949128 281473231872064 8
stamp 1790410470326160647 281473231872064 1
stamp 1790410470326163776 281473231872064 2
stamp 1790410470326531388 281473231872064 1
stamp 1790410470326533869 281473231872064 2
stamp 1790410470326614777 281473231872064 3
stamp 1790410470326716869 281473231872064 4
stamp 1790410470326724129 281473362472992 5
stamp 1790410470326770647 281473362472992 6
stamp 1790410470326785554 281473362472992 7
stamp 1790410470326825017 281473231872064 1
stamp 1790410470326825499 281473362472992 8
stamp 1790410470326828517 281473231872064 2
stamp 1790410470427352936 281473231872064 1
stamp 1790410470427356918 281473231872064 2
stamp 1790410470427358806 281473231872064 3
stamp 1790410470427362288 281473231872064 4
stamp 1790410470427370992 281473362472992 5
stamp 1790410470427376621 281473362472992 6
stamp 1790410470427378269 281473362472992 7
stamp 1790410470427405825 281473231872064 1
stamp 1790410470427406899 281473362472992 8
stamp 1790410470427408455 281473231872064 2
stamp 1790410470527926559 281473231872064 1
stamp 1790410470527929466 281473231872064 2
stamp 1790410470527930244 281473231872064 3
stamp 1790410470527933503 281473231872064 4
stamp 1790410470527941596 281473362472992 5
stamp 1790410470527945244 281473362472992 6
stamp 1790410470527946392 281473362472992 7
stamp 1790410470527977188 281473231872064 1
stamp 1790410470527979688 281473231872064 2
stamp 1790410470527983151 281473362472992 8
stamp 1790410470628503292 281473231872064 1
stamp 1790410470628507422 281473231872064 2
stamp 1790410470628508903 281473231872064 3
stamp 1790410470628513348 281473231872064 4
stamp 1790410470628521237 281473362472992 5
stamp 1790410470628524885 281473362472992 6
stamp 1790410470628526200 281473362472992 7
stamp 1790410470628553662 281473362472992 8
stamp 1790410470628553977 281473231872064 1
stamp 1790410470628556607 281473231872064 2
stamp 1790410470729070470 281473231872064 1
stamp 1790410470729077526 281473231872064 2
stamp 1790410470729078377 281473231872064 3
stamp 1790410470729081877 281473231872064 4
stamp 1790410470729089822 281473362472992 5
stamp 1790410470729093303 281473362472992 6
stamp 1790410470729094489 281473362472992 7
stamp 1790410470729118618 281473231872064 1
stamp 1790410470729120063 281473362472992 8
stamp 1790410470729121266 281473231872064 2
stamp 1790410470829635574 281473231872064 1
stamp 1790410470829638463 281473231872064 2
stamp 1790410470829639185 281473231872064 3
stamp 1790410470829642444 281473231872064 4
stamp 1790410470829650389 281473362472992 5
stamp 1790410470829653741 281473362472992 6
stamp 1790410470829654778 281473362472992 7
stamp 1790410470829679796 281473231872064 1
stamp 1790410470829681167 281473362472992 8
stamp 1790410470829682352 281473231872064 2
stamp 1790410470930200141 281473231872064 1
stamp 1790410470930212141 281473231872064 2
stamp 1790410470930212882 281473231872064 3
stamp 1790410470930216159 281473231872064 4
stamp 1790410470930224085 281473362472992 5
stamp 1790410470930227641 281473362472992 6
stamp 1790410470930228845 281473362472992 7
stamp 1790410470930252567 281473231872064 1
stamp 1790410470930253567 281473362472992 8
stamp 1790410470930255085 281473231872064 2
stamp 1790410471030768578 281473231872064 1
stamp 1790410471030771745 281473231872064 2
stamp 1790410471030772948 281473231872064 3
stamp 1790410471030776356 281473231872064 4
stamp 1790410471030784319 281473362472992 5
stamp 1790410471030787708 281473362472992 6
stamp 1790410471030788782 281473362472992 7
stamp 1790410471030813689 281473231872064 1
stamp 1790410471030814708 281473362472992 8
stamp 1790410471030816263 281473231872064 2
stamp 1790410471131346830 281473231872064 1
stamp 1790410471131350570 281473231872064 2
stamp 1790410471131352200 281473231872064 3
stamp 1790410471131355682 281473231872064 4
stamp 1790410471131365867 281473362472992 5
stamp 1790410471131371385 281473362472992 6
stamp 1790410471131373107 281473362472992 7
stamp 1790410471131404070 281473231872064 1
stamp 1790410471131405256 281473362472992 8
stamp 1790410471131406848 281473231872064 2
stamp 1790410471200080511 281473231872064 8
stamp 1790410471200084788 281473231872064 1
stamp 1790410471200087585 281473231872064 2
stamp 1790410471231876007 281473231872064 1
stamp 1790410471231878804 281473231872064 2
stamp 1790410471231879785 281473231872064 3
stamp 1790410471231883285 281473231872064 4
stamp 1790410471231891341 281473362472992 5
stamp 1790410471231895359 281473362472992 6
stamp 1790410471231896563 281473362472992 7
stamp 1790410471231921341 281473231872064 1
stamp 1790410471231922655 281473362472992 8
stamp 1790410471231923970 281473231872064 2
stamp 1790410471325890571 281473231872064 1
stamp 1790410471325893126 281473231872064 2
stamp 1790410471325982163 281473231872064 8
stamp 1790410471332450926 281473231872064 1
stamp 1790410471332453907 281473231872064 2
stamp 1790410471332455444 281473231872064 3
stamp 1790410471332459055 281473231872064 4
stamp 1790410471332466518 281473362472992 5
stamp 1790410471332471333 281473362472992 6
stamp 1790410471332472741 281473362472992 7
stamp 1790410471332492722 281473362472992 8
stamp 1790410471433031696 281473231872064 1
stamp 1790410471433034085 281473231872064 2
stamp 1790410471433034918 281473231872064 3
stamp 1790410471433038140 281473231872064 4
stamp 1790410471433045085 281473362472992 5
stamp 1790410471433048640 281473362472992 6
stamp 1790410471433049733 281473362472992 7
stamp 1790410471433062603 281473362472992 8
stamp 1790410471533601263 281473231872064 1
stamp 1790410471533603763 281473231872064 2
stamp 1790410471533604485 281473231872064 3
stamp 1790410471533607688 281473231872064 4
stamp 1790410471533615503 281473362472992 5
stamp 1790410471533618596 281473362472992 6
stamp 1790410471533619448 281473362472992 7
stamp 1790410471533632485 281473362472992 8
stamp 1790410471634169533 281473231872064 1
stamp 1790410471634172903 281473231872064 2
stamp 1790410471634174033 281473231872064 3
stamp 1790410471634177811 281473231872064 4
stamp 1790410471634186199 281473362472992 5
stamp 1790410471634189848 281473362472992 6
stamp 1790410471634190755 281473362472992 7
stamp 1790410471634203829 281473362472992 8
stamp 1790410471734709099 281473231872064 1
stamp 1790410471734712822 281473231872064 2
stamp 1790410471734714229 281473231872064 3
stamp 1790410471734718266 281473231872064 4
stamp 1790410471734726673 281473362472992 5
stamp 1790410471734729822 281473362472992 6
stamp 1790410471734730673 281473362472992 7
stamp 1790410471734744803 281473362472992 8
stamp 1790410471835278592 281473231872064 1
stamp 1790410471835282629 281473231872064 2
stamp 1790410471835284277 281473231872064 3
stamp 1790410471835288444 281473231872064 4
stamp 1790410471835296777 281473362472992 5
stamp 1790410471835300110 281473362472992 6
stamp 1790410471835300888 281473362472992 7
stamp 1790410471835313481 281473362472992 8
stamp 1790410471935842677 281473231872064 1
stamp 1790410471935845714 281473231872064 2
stamp 1790410471935846677 281473231872064 3
stamp 1790410471935850103 281473231872064 4
stamp 1790410471935858177 281473362472992 5
stamp 1790410471935861325 281473362472992 6
stamp 1790410471935862103 281473362472992 7
stamp 1790410471935875288 281473362472992 8
stamp 1790410472036407984 281473231872064 1
stamp 1790410472036410540 281473231872064 2
stamp 1790410472036411466 281473231872064 3
stamp 1790410472036414762 281473231872064 4
stamp 1790410472036422632 281473362472992 5
stamp 1790410472036425780 281473362472992 6
stamp 1790410472036426558 281473362472992 7
stamp 1790410472036438706 281473362472992 8
stamp 1790410472136978180 281473231872064 1
stamp 1790410472136980773 281473231872064 2
stamp 1790410472136981606 281473231872064 3
stamp 1790410472136984884 281473231872064 4
stamp 1790410472136992624 281473362472992 5
stamp 1790410472136995939 281473362472992 6
stamp 1790410472136996736 281473362472992 7
stamp 1790410472137010939 281473362472992 8
stamp 1790410472200083395 281473231872064 8
stamp 1790410472200087525 281473231872064 1
stamp 1790410472200090191 281473231872064 2
stamp 1790410472237544561 281473231872064 1
stamp 1790410472237547154 281473231872064 2
stamp 1790410472237548135 281473231872064 3
stamp 1790410472237551617 281473231872064 4
stamp 1790410472237559580 281473362472992 5
stamp 1790410472237562709 281473362472992 6
stamp 1790410472237563543 281473362472992 7
stamp 1790410472237576506 281473362472992 8
stamp 1790410472325836418 281473231872064 1
stamp 1790410472325840140 281473231872064 2
stamp 1790410472338110535 281473231872064 1
stamp 1790410472338116572 281473231872064 2
stamp 1790410472338117368 281473231872064 3
stamp 1790410472338120720 281473231872064 4
stamp 1790410472338128664 281473362472992 5
stamp 1790410472338131850 281473362472992 6
stamp 1790410472338132627 281473362472992 7
stamp 1790410472338144979 281473362472992 8
stamp 1790410472438683508 281473231872064 1
stamp 1790410472438686157 281473231872064 2
stamp 1790410472438686897 281473231872064 3
stamp 1790410472438690008 281473231872064 4
stamp 1790410472438697749 281473362472992 5
stamp 1790410472438700971 281473362472992 6
stamp 1790410472438701694 281473362472992 7
stamp 1790410472438713916 281473362472992 8
stamp 1790410472539252204 281473231872064 1
stamp 1790410472539254704 281473231872064 2
stamp 1790410472539255501 281473231872064 3
stamp 1790410472539258723 281473231872064 4
stamp 1790410472539266408 281473362472992 5
stamp 1790410472539269556 281473362472992 6
stamp 1790410472539270260 281473362472992 7
stamp 1790410472539282445 281473362472992 8
stamp 1790410472639821585 281473231872064 1
stamp 1790410472639824122 281473231872064 2
stamp 1790410472639824919 281473231872064 3
stamp 1790410472639827882 281473231872064 4
stamp 1790410472639837641 281473362472992 5
stamp 1790410472639843085 281473362472992 6
stamp 1790410472639844622 281473362472992 7
stamp 1790410472639862567 281473362472992 8
stamp 1790410472740402466 281473231872064 1
stamp 1790410472740405318 281473231872064 2
stamp 1790410472740406226 281473231872064 3
stamp 1790410472740409485 281473231872064 4
stamp 1790410472740418022 281473362472992 5
stamp 1790410472740421966 281473362472992 6
stamp 1790410472740423022 281473362472992 7
stamp 1790410472740437504 281473362472992 8
stamp 1790410472840976848 281473231872064 1
stamp 1790410472840990014 281473231872064 2
stamp 1790410472840990866 281473231872064 3
stamp 1790410472840994181 281473231872064 4
stamp 1790410472841002107 281473362472992 5
stamp 1790410472841005403 281473362472992 6
stamp 1790410472841006292 281473362472992 7
stamp 1790410472841019033 281473362472992 8
stamp 1790410472941547358 281473231872064 1
stamp 1790410472941549766 281473231872064 2
stamp 1790410472941550469 281473231872064 3
stamp 1790410472941553673 281473231872064 4
stamp 1790410472941561469 281473362472992 5
stamp 1790410472941564599 281473362472992 6
stamp 1790410472941565414 281473362472992 7
stamp 1790410472941577599 281473362472992 8
stamp 1790410473042115461 281473231872064 1
stamp 1790410473042117887 281473231872064 2
stamp 1790410473042118647 281473231872064 3
stamp 1790410473042121850 281473231872064 4
stamp 1790410473042129739 281473362472992 5
stamp 1790410473042132924 281473362472992 6
stamp 1790410473042133869 281473362472992 7
stamp 1790410473042146424 281473362472992 8
stamp 1790410473142685435 281473231872064 1
stamp 1790410473142687990 281473231872064 2
stamp 1790410473142688787 281473231872064 3
stamp 1790410473142692064 281473231872064 4
stamp 1790410473142699768 281473362472992 5
stamp 1790410473142702972 281473362472992 6
stamp 1790410473142703694 281473362472992 7
stamp 1790410473142716009 281473362472992 8
stamp 1790410473200079184 281473231872064 8
stamp 1790410473200083054 281473231872064 1
stamp 1790410473200085573 281473231872064 2
stamp 1790410473243260982 281473231872064 1
stamp 1790410473243263482 281473231872064 2
stamp 1790410473243264538 281473231872064 3
stamp 1790410473243267890 281473231872064 4
stamp 1790410473243276075 281473362472992 5
stamp 1790410473243279260 281473362472992 6
stamp 1790410473243280019 281473362472992 7
stamp 1790410473243294186 281473362472992 8
stamp 1790410473325885799 281473231872064 1
stamp 1790410473325888799 281473231872064 2
stamp 1790410473343834122 281473231872064 1
stamp 1790410473343836567 281473231872064 2
stamp 1790410473343837622 281473231872064 3
stamp 1790410473343841067 281473231872064 4
stamp 1790410473343849104 281473362472992 5
stamp 1790410473343852419 281473362472992 6
stamp 1790410473343853233 281473362472992 7
stamp 1790410473343865437 281473362472992 8
stamp 1790410473444411725 281473231872064 1
stamp 1790410473444414170 281473231872064 2
stamp 1790410473444414910 281473231872064 3
stamp 1790410473444418170 281473231872064 4
stamp 1790410473444425947 281473362472992 5
stamp 1790410473444429059 281473362472992 6
stamp 1790410473444429873 281473362472992 7
stamp 1790410473444443688 281473362472992 8
stamp 1790410473544981736 281473231872064 1
stamp 1790410473544984106 281473231872064 2
stamp 1790410473544984865 281473231872064 3
stamp 1790410473544988088 281473231872064 4
stamp 1790410473544995717 281473362472992 5
stamp 1790410473544998884 281473362472992 6
stamp 1790410473544999662 281473362472992 7
stamp 1790410473545011569 281473362472992 8
stamp 1790410473645543357 281473231872064 1
stamp 1790410473645545968 281473231872064 2
stamp 1790410473645546727 281473231872064 3
stamp 1790410473645549931 281473231872064 4
stamp 1790410473645557579 281473362472992 5
stamp 1790410473645560616 281473362472992 6
stamp 1790410473645561320 281473362472992 7
stamp 1790410473645573431 281473362472992 8
stamp 1790410473746112719 281473231872064 1
stamp 1790410473746115571 281473231872064 2
stamp 1790410473746116331 281473231872064 3
stamp 1790410473746119571 281473231872064 4
stamp 1790410473746127423 281473362472992 5
stamp 1790410473746130571 281473362472992 6
stamp 1790410473746131497 281473362472992 7
stamp 1790410473746143738 281473362472992 8
stamp 1790410473846679730 281473231872064 1
stamp 1790410473846691545 281473231872064 2
stamp 1790410473846692341 281473231872064 3
stamp 1790410473846695600 281473231872064 4
stamp 1790410473846703804 281473362472992 5
stamp 1790410473846706896 281473362472992 6
stamp 1790410473846707656 281473362472992 7
stamp 1790410473846719730 281473362472992 8
stamp 1790410473947249500 281473231872064 1
stamp 1790410473947252203 281473231872064 2
stamp 1790410473947252944 281473231872064 3
stamp 1790410473947256092 281473231872064 4
stamp 1790410473947263888 281473362472992 5
stamp 1790410473947266944 281473362472992 6
stamp 1790410473947267703 281473362472992 7
stamp 1790410473947280907 281473362472992 8
stamp 1790410474047818417 281473231872064 1
stamp 1790410474047820899 281473231872064 2
stamp 1790410474047821695 281473231872064 3
stamp 1790410474047824936 281473231872064 4
stamp 1790410474047832639 281473362472992 5
stamp 1790410474047835732 281473362472992 6
stamp 1790410474047836454 281473362472992 7
stamp 1790410474047848417 281473362472992 8
stamp 1790410474148390242 281473231872064 1
stamp 1790410474148393705 281473231872064 2
stamp 1790410474148395390 281473231872064 3
stamp 1790410474148398168 281473231872064 4
stamp 1790410474148410168 281473362472992 5
stamp 1790410474148417261 281473362472992 6
stamp 1790410474148419594 281473362472992 7
stamp 1790410474148435816 281473362472992 8
stamp 1790410474200072396 281473231872064 8
stamp 1790410474200075414 281473231872064 1
stamp 1790410474200077526 281473231872064 2
stamp 1790410474248971604 281473231872064 1
stamp 1790410474248974641 281473231872064 2
stamp 1790410474248975826 281473231872064 3
stamp 1790410474248979345 281473231872064 4
stamp 1790410474248990752 281473362472992 5
stamp 1790410474248994882 281473362472992 6
stamp 1790410474248996178 281473362472992 7
stamp 1790410474249010049 281473362472992 8
stamp 1790410474325883862 281473231872064 1
stamp 1790410474325887010 281473231872064 2
stamp 1790410474349550707 281473231872064 1
stamp 1790410474349553151 281473231872064 2
stamp 1790410474349553947 281473231872064 3
stamp 1790410474349557281 281473231872064 4
stamp 1790410474349565984 281473362472992 5
stamp 1790410474349568355 281473362472992 6
stamp 1790410474349569281 281473362472992 7
stamp 1790410474349581207 281473362472992 8
stamp 1790410474450127365 281473231872064 1
stamp 1790410474450130013 281473231872064 2
stamp 1790410474450130846 281473231872064 3
stamp 1790410474450134013 281473231872064 4
stamp 1790410474450142346 281473362472992 5
stamp 1790410474450144791 281473362472992 6
stamp 1790410474450145587 281473362472992 7
stamp 1790410474450157698 281473362472992 8
stamp 1790410474550706912 281473231872064 1
stamp 1790410474550709523 281473231872064 2
stamp 1790410474550710338 281473231872064 3
stamp 1790410474550713597 281473231872064 4
stamp 1790410474550721856 281473362472992 5
stamp 1790410474550724060 281473362472992 6
stamp 1790410474550724801 281473362472992 7
stamp 1790410474550736653 281473362472992 8
stamp 1790410474651280200 281473231872064 1
stamp 1790410474651283459 281473231872064 2
stamp 1790410474651284237 281473231872064 3
stamp 1790410474651287570 281473231872064 4
stamp 1790410474651295644 281473362472992 5
stamp 1790410474651297700 281473362472992 6
stamp 1790410474651298385 281473362472992 7
stamp 1790410474651311756 281473362472992 8
stamp 1790410474751865673 281473231872064 1
stamp 1790410474751868284 281473231872064 2
stamp 1790410474751869081 281473231872064 3
stamp 1790410474751872303 281473231872064 4
stamp 1790410474751880562 281473362472992 5
stamp 1790410474751882581 281473362472992 6
stamp 1790410474751883340 281473362472992 7
stamp 1790410474751895099 281473362472992 8
stamp 1790410474852433461 281473231872064 1
stamp 1790410474852436146 281473231872064 2
stamp 1790410474852449053 281473231872064 3
stamp 1790410474852452405 281473231872064 4
stamp 1790410474852460553 281473362472992 5
stamp 1790410474852462628 281473362472992 6
stamp 1790410474852463257 281473362472992 7
stamp 1790410474852475202 281473362472992 8
stamp 1790410474953003545 281473231872064 1
stamp 1790410474953006341 281473231872064 2
stamp 1790410474953007138 281473231872064 3
stamp 1790410474953010360 281473231872064 4
stamp 1790410474953018230 281473362472992 5
stamp 1790410474953020397 281473362472992 6
stamp 1790410474953021064 281473362472992 7
stamp 1790410474953032749 281473362472992 8
stamp 1790410475053544185 281473231872064 1
stamp 1790410475053547073 281473231872064 2
stamp 1790410475053547851 281473231872064 3
stamp 1790410475053551129 281473231872064 4
stamp 1790410475053559148 281473362472992 5
stamp 1790410475053561148 281473362472992 6
stamp 1790410475053561814 281473362472992 7
stamp 1790410475053573370 281473362472992 8
stamp 1790410475154111509 281473231872064 1
stamp 1790410475154114102 281473231872064 2
stamp 1790410475154114861 281473231872064 3
stamp 1790410475154118269 281473231872064 4
stamp 1790410475154125843 281473362472992 5
stamp 1790410475154128157 281473362472992 6
stamp 1790410475154128806 281473362472992 7
stamp 1790410475154140602 281473362472992 8
stamp 1790410475200078549 281473231872064 8
stamp 1790410475200082623 281473231872064 1
stamp 1790410475200085197 281473231872064 2
stamp 1790410475254685112 281473231872064 1
stamp 1790410475254688464 281473231872064 2
stamp 1790410475254689371 281473231872064 3
stamp 1790410475254692760 281473231872064 4
stamp 1790410475254700889 281473362472992 5
stamp 1790410475254702927 281473362472992 6
stamp 1790410475254703575 281473362472992 7
stamp 1790410475254715241 281473362472992 8
stamp 1790410475325884978 281473231872064 1
stamp 1790410475325888589 281473231872064 2
stamp 1790410475355261270 281473231872064 1
stamp 1790410475355264881 281473231872064 2
stamp 1790410475355265714 281473231872064 3
stamp 1790410475355269010 281473231872064 4
stamp 1790410475355276862 281473362472992 5
stamp 1790410475355279177 281473362472992 6
stamp 1790410475355279955 281473362472992 7
stamp 1790410475355294566 281473362472992 8
stamp 1790410475455827502 281473231872064 1
stamp 1790410475455830316 281473231872064 2
stamp 1790410475455831076 281473231872064 3
stamp 1790410475455834354 281473231872064 4
stamp 1790410475455842076 281473362472992 5
stamp 1790410475455844502 281473362472992 6
stamp 1790410475455845187 281473362472992 7
stamp 1790410475455857205 281473362472992 8
stamp 1790410475556392178 281473231872064 1
stamp 1790410475556394900 281473231872064 2
stamp 1790410475556395660 281473231872064 3
stamp 1790410475556398937 281473231872064 4
stamp 1790410475556406808 281473362472992 5
stamp 1790410475556408863 281473362472992 6
stamp 1790410475556409456 281473362472992 7
stamp 1790410475556422789 281473362472992 8
stamp 1790410475656974151 281473231872064 1
stamp 1790410475656978966 281473231872064 2
stamp 1790410475656981151 281473231872064 3
stamp 1790410475656985095 281473231872064 4
stamp 1790410475656993947 281473362472992 5
stamp 1790410475656998114 281473362472992 6
stamp 1790410475656999614 281473362472992 7
stamp 1790410475657018207 281473362472992 8
stamp 1790410475757555290 281473231872064 1
stamp 1790410475757558105 281473231872064 2
stamp 1790410475757559068 281473231872064 3
stamp 1790410475757562475 281473231872064 4
stamp 1790410475757571994 281473362472992 5
stamp 1790410475757575550 281473362472992 6
stamp 1790410475757577364 281473362472992 7
stamp 1790410475757594031 281473362472992 8
stamp 1790410475858132874 281473231872064 1
stamp 1790410475858135485 281473231872064 2
stamp 1790410475858136282 281473231872064 3
stamp 1790410475858139615 281473231872064 4
stamp 1790410475858148059 281473362472992 5
stamp 1790410475858150337 281473362472992 6
stamp 1790410475858151226 281473362472992 7
stamp 1790410475858162763 281473362472992 8
stamp 1790410475958704680 281473231872064 1
stamp 1790410475958707310 281473231872064 2
stamp 1790410475958708106 281473231872064 3
stamp 1790410475958711403 281473231872064 4
stamp 1790410475958719328 281473362472992 5
stamp 1790410475958722051 281473362472992 6
stamp 1790410475958722903 281473362472992 7
stamp 1790410475958738051 281473362472992 8
stamp 1790410476059281764 281473231872064 1
stamp 1790410476059284412 281473231872064 2
stamp 1790410476059285227 281473231872064 3
stamp 1790410476059288542 281473231872064 4
stamp 1790410476059296931 281473362472992 5
stamp 1790410476059299153 281473362472992 6
stamp 1790410476059299838 281473362472992 7
stamp 1790410476059311653 281473362472992 8
stamp 1790410476159881311 281473231872064 1
stamp 1790410476159883903 281473231872064 2
stamp 1790410476159884718 281473231872064 3
stamp 1790410476159888070 281473231872064 4
stamp 1790410476159896107 281473362472992 5
stamp 1790410476159898051 281473362472992 6
stamp 1790410476159898681 281473362472992 7
stamp 1790410476159910163 281473362472992 8
stamp 1790410476200083589 281473231872064 8
stamp 1790410476200088163 281473231872064 1
stamp 1790410476200091163 281473231872064 2
stamp 1790410476260471616 281473231872064 1
stamp 1790410476260474468 281473231872064 2
stamp 1790410476260475376 281473231872064 3
stamp 1790410476260478728 281473231872064 4
stamp 1790410476260486672 281473362472992 5
stamp 1790410476260488691 281473362472992 6
stamp 1790410476260489339 281473362472992 7
stamp 1790410476260500654 281473362472992 8
stamp 1790410476325884832 281473231872064 1
stamp 1790410476325887591 281473231872064 2
stamp 1790410476361045496 281473231872064 1
stamp 1790410476361048774 281473231872064 2
stamp 1790410476361049570 281473231872064 3
stamp 1790410476361052941 281473231872064 4
stamp 1790410476361060404 281473362472992 5
stamp 1790410476361062459 281473362472992 6
stamp 1790410476361063070 281473362472992 7
stamp 1790410476361074367 281473362472992 8
stamp 1790410476461616321 281473231872064 1
stamp 1790410476461619376 281473231872064 2
stamp 1790410476461620173 281473231872064 3
stamp 1790410476461623506 281473231872064 4
stamp 1790410476461631506 281473362472992 5
stamp 1790410476461633506 281473362472992 6
stamp 1790410476461634154 281473362472992 7
stamp 1790410476461645413 281473362472992 8
stamp 1790410476562183367 281473231872064 1
stamp 1790410476562186219 281473231872064 2
stamp 1790410476562187052 281473231872064 3
stamp 1790410476562190330 281473231872064 4
stamp 1790410476562198293 281473362472992 5
stamp 1790410476562200349 281473362472992 6
stamp 1790410476562200960 281473362472992 7
stamp 1790410476562215071 281473362472992 8
stamp 1790410476662766210 281473231872064 1
stamp 1790410476662771099 281473231872064 2
stamp 1790410476662772969 281473231872064 3
stamp 1790410476662776803 281473231872064 4
stamp 1790410476662785062 281473362472992 5
stamp 1790410476662787228 281473362472992 6
stamp 1790410476662787914 281473362472992 7
stamp 1790410476662816840 281473362472992 8
stamp 1790410476763346997 281473231872064 1
stamp 1790410476763350349 281473231872064 2
stamp 1790410476763351312 281473231872064 3
stamp 1790410476763354645 281473231872064 4
stamp 1790410476763363460 281473362472992 5
stamp 1790410476763366923 281473362472992 6
stamp 1790410476763368034 281473362472992 7
stamp 1790410476763380053 281473362472992 8
stamp 1790410476863916285 281473231872064 1
stamp 1790410476863919007 281473231872064 2
stamp 1790410476863932692 281473231872064 3
stamp 1790410476863936099 281473231872064 4
stamp 1790410476863944155 281473362472992 5
stamp 1790410476863947081 281473362472992 6
stamp 1790410476863947951 281473362472992 7
stamp 1790410476863959544 281473362472992 8
stamp 1790410476964488127 281473231872064 1
stamp 1790410476964491183 281473231872064 2
stamp 1790410476964491979 281473231872064 3
stamp 1790410476964495387 281473231872064 4
stamp 1790410476964503850 281473362472992 5
stamp 1790410476964507164 281473362472992 6
stamp 1790410476964508127 281473362472992 7
stamp 1790410476964520405 281473362472992 8
stamp 1790410477065054044 281473231872064 1
stamp 1790410477065056655 281473231872064 2
stamp 1790410477065057433 281473231872064 3
stamp 1790410477065060637 281473231872064 4
stamp 1790410477065068766 281473362472992 5
stamp 1790410477065071822 281473362472992 6
stamp 1790410477065072729 281473362472992 7
stamp 1790410477065085489 281473362472992 8
stamp 1790410477165622479 281473231872064 1
stamp 1790410477165625368 281473231872064 2
stamp 1790410477165626183 281473231872064 3
stamp 1790410477165629516 281473231872064 4
stamp 1790410477165637424 281473362472992 5
stamp 1790410477165640609 281473362472992 6
stamp 1790410477165641461 281473362472992 7
stamp 1790410477165653461 281473362472992 8
stamp 1790410477200083125 281473231872064 8
stamp 1790410477200087754 281473231872064 1
stamp 1790410477200090958 281473231872064 2
stamp 1790410477266191840 281473231872064 1
stamp 1790410477266194618 281473231872064 2
stamp 1790410477266195655 281473231872064 3
stamp 1790410477266199026 281473231872064 4
stamp 1790410477266207155 281473362472992 5
stamp 1790410477266210192 281473362472992 6
stamp 1790410477266211007 281473362472992 7
stamp 1790410477266224674 281473362472992 8
stamp 1790410477325886497 281473231872064 1
stamp 1790410477325889516 281473231872064 2
stamp 1790410477366761572 281473231872064 1
stamp 1790410477366764127 281473231872064 2
stamp 1790410477366764961 281473231872064 3
stamp 1790410477366768350 281473231872064 4
stamp 1790410477366776146 281473362472992 5
stamp 1790410477366779868 281473362472992 6
stamp 1790410477366781016 281473362472992 7
stamp 1790410477366795201 281473362472992 8
stamp 1790410477467333118 281473231872064 1
stamp 1790410477467336063 281473231872064 2
stamp 1790410477467337007 281473231872064 3
stamp 1790410477467340174 281473231872064 4
stamp 1790410477467348822 281473362472992 5
stamp 1790410477467353377 281473362472992 6
stamp 1790410477467354711 281473362472992 7
stamp 1790410477467371285 281473362472992 8
stamp 1790410477567860738 281473231872064 1
stamp 1790410477567863349 281473231872064 2
stamp 1790410477567864127 281473231872064 3
stamp 1790410477567867461 281473231872064 4
stamp 1790410477567875646 281473362472992 5
stamp 1790410477567878924 281473362472992 6
stamp 1790410477567879868 281473362472992 7
stamp 1790410477567892979 281473362472992 8
stamp 1790410477668430285 281473231872064 1
stamp 1790410477668433711 281473231872064 2
stamp 1790410477668434525 281473231872064 3
stamp 1790410477668437896 281473231872064 4
stamp 1790410477668445951 281473362472992 5
stamp 1790410477668449136 281473362472992 6
stamp 1790410477668449970 281473362472992 7
stamp 1790410477668462211 281473362472992 8
stamp 1790410477768996442 281473231872064 1
stamp 1790410477768999053 281473231872064 2
stamp 1790410477768999812 281473231872064 3
stamp 1790410477769003127 281473231872064 4
stamp 1790410477769011146 281473362472992 5
stamp 1790410477769014609 281473362472992 6
stamp 1790410477769015386 281473362472992 7
stamp 1790410477769027479 281473362472992 8
stamp 1790410477869540470 281473231872064 1
stamp 1790410477869543136 281473231872064 2
stamp 1790410477869543951 281473231872064 3
stamp 1790410477869547229 281473231872064 4
stamp 1790410477869555081 281473362472992 5
stamp 1790410477869558062 281473362472992 6
stamp 1790410477869558859 281473362472992 7
stamp 1790410477869570710 281473362472992 8
stamp 1790410477970108794 281473231872064 1
stamp 1790410477970111423 281473231872064 2
stamp 1790410477970112201 281473231872064 3
stamp 1790410477970115405 281473231872064 4
stamp 1790410477970123331 281473362472992 5
stamp 1790410477970126257 281473362472992 6
stamp 1790410477970126905 281473362472992 7
stamp 1790410477970138442 281473362472992 8
stamp 1790410478070676395 281473231872064 1
stamp 1790410478070679006 281473231872064 2
stamp 1790410478070679766 281473231872064 3
stamp 1790410478070683043 281473231872064 4
stamp 1790410478070691025 281473362472992 5
stamp 1790410478070693914 281473362472992 6
stamp 1790410478070694580 281473362472992 7
stamp 1790410478070705951 281473362472992 8
stamp 1790410478171245960 281473231872064 1
stamp 1790410478171248571 281473231872064 2
stamp 1790410478171249312 281473231872064 3
stamp 1790410478171252478 281473231872064 4
stamp 1790410478171260534 281473362472992 5
stamp 1790410478171263552 281473362472992 6
stamp 1790410478171264256 281473362472992 7
stamp 1790410478171276145 281473362472992 8
stamp 1790410478200077140 281473231872064 8
stamp 1790410478200081084 281473231872064 1
stamp 1790410478200083732 281473231872064 2
stamp 1790410478271813821 281473231872064 1
stamp 1790410478271817135 281473231872064 2
stamp 1790410478271817987 281473231872064 3
stamp 1790410478271821358 281473231872064 4
stamp 1790410478271829339 281473362472992 5
stamp 1790410478271832321 281473362472992 6
stamp 1790410478271833006 281473362472992 7
stamp 1790410478271846080 281473362472992 8
stamp 1790410478325877845 281473231872064 1
stamp 1790410478325880845 281473231872064 2
stamp 1790410478372381255 281473231872064 1
stamp 1790410478372383755 281473231872064 2
stamp 1790410478372384533 281473231872064 3
stamp 1790410478372387903 281473231872064 4
stamp 1790410478372396033 281473362472992 5
stamp 1790410478372399089 281473362472992 6
stamp 1790410478372399848 281473362472992 7
stamp 1790410478372412607 281473362472992 8
stamp 1790410478472950764 281473231872064 1
stamp 1790410478472954227 281473231872064 2
stamp 1790410478472954986 281473231872064 3
stamp 1790410478472958190 281473231872064 4
stamp 1790410478472972209 281473362472992 5
stamp 1790410478472975431 281473362472992 6
stamp 1790410478472976486 281473362472992 7
stamp 1790410478472990968 281473362472992 8
stamp 1790410478573520588 281473231872064 1
stamp 1790410478573523310 281473231872064 2
stamp 1790410478573524107 281473231872064 3
stamp 1790410478573527440 281473231872064 4
stamp 1790410478573535551 281473362472992 5
stamp 1790410478573538662 281473362472992 6
stamp 1790410478573539588 281473362472992 7
stamp 1790410478573551162 281473362472992 8
stamp 1790410478674086541 281473231872064 1
stamp 1790410478674089430 281473231872064 2
stamp 1790410478674090245 281473231872064 3
stamp 1790410478674093486 281473231872064 4
stamp 1790410478674101578 281473362472992 5
stamp 1790410478674104393 281473362472992 6
stamp 1790410478674105115 281473362472992 7
stamp 1790410478674116356 281473362472992 8
stamp 1790410478774657698 281473231872064 1
stamp 1790410478774660939 281473231872064 2
stamp 1790410478774661735 281473231872064 3
stamp 1790410478774664995 281473231872064 4
stamp 1790410478774672884 281473362472992 5
stamp 1790410478774675772 281473362472992 6
stamp 1790410478774676476 281473362472992 7
stamp 1790410478774691328 281473362472992 8
stamp 1790410478875223522 281473231872064 1
stamp 1790410478875226226 281473231872064 2
stamp 1790410478875226985 281473231872064 3
stamp 1790410478875239893 281473231872064 4
stamp 1790410478875247985 281473362472992 5
stamp 1790410478875251096 281473362472992 6
stamp 1790410478875252096 281473362472992 7
stamp 1790410478875263578 281473362472992 8
stamp 1790410478975792550 281473231872064 1
stamp 1790410478975795216 281473231872064 2
stamp 1790410478975796031 281473231872064 3
stamp 1790410478975799327 281473231872064 4
stamp 1790410478975807124 281473362472992 5
stamp 1790410478975810013 281473362472992 6
stamp 1790410478975810809 281473362472992 7
stamp 1790410478975821975 281473362472992 8
stamp 1790410479076363299 281473231872064 1
stamp 1790410479076366169 281473231872064 2
stamp 1790410479076366929 281473231872064 3
stamp 1790410479076370225 281473231872064 4
stamp 1790410479076378077 281473362472992 5
stamp 1790410479076380929 281473362472992 6
stamp 1790410479076381632 281473362472992 7
stamp 1790410479076392929 281473362472992 8
stamp 1790410479176930104 281473231872064 1
stamp 1790410479176932696 281473231872064 2
stamp 1790410479176933456 281473231872064 3
stamp 1790410479176936678 281473231872064 4
stamp 1790410479176944641 281473362472992 5
stamp 1790410479176947882 281473362472992 6
stamp 1790410479176948659 281473362472992 7
stamp 1790410479176960178 281473362472992 8
stamp 1790410479200076818 281473231872064 8
stamp 1790410479200080781 281473231872064 1
stamp 1790410479200083300 281473231872064 2
stamp 1790410479277509872 281473231872064 1
stamp 1790410479277512798 281473231872064 2
stamp 1790410479277513779 281473231872064 3
stamp 1790410479277517094 281473231872064 4
stamp 1790410479277525335 281473362472992 5
stamp 1790410479277528650 281473362472992 6
stamp 1790410479277529613 281473362472992 7
stamp 1790410479277542390 281473362472992 8
stamp 1790410479325877875 281473231872064 1
stamp 1790410479325880505 281473231872064 2
stamp 1790410479378089677 281473231872064 1
stamp 1790410479378092825 281473231872064 2
stamp 1790410479378093677 281473231872064 3
stamp 1790410479378097010 281473231872064 4
stamp 1790410479378103788 281473362472992 5
stamp 1790410479378107306 281473362472992 6
stamp 1790410479378108288 281473362472992 7
stamp 1790410479378124066 281473362472992 8
stamp 1790410479478669593 281473231872064 1
stamp 1790410479478672889 281473231872064 2
stamp 1790410479478673722 281473231872064 3
stamp 1790410479478676982 281473231872064 4
stamp 1790410479478684685 281473362472992 5
stamp 1790410479478688315 281473362472992 6
stamp 1790410479478689482 281473362472992 7
stamp 1790410479478704500 281473362472992 8
stamp 1790410479579241361 281473231872064 1
stamp 1790410479579244194 281473231872064 2
stamp 1790410479579244990 281473231872064 3
stamp 1790410479579248342 281473231872064 4
stamp 1790410479579256324 281473362472992 5
stamp 1790410479579259527 281473362472992 6
stamp 1790410479579260453 281473362472992 7
stamp 1790410479579272490 281473362472992 8
stamp 1790410479679813517 281473231872064 1
stamp 1790410479679816240 281473231872064 2
stamp 1790410479679816999 281473231872064 3
stamp 1790410479679820240 281473231872064 4
stamp 1790410479679828480 281473362472992 5
stamp 1790410479679831332 281473362472992 6
stamp 1790410479679832036 281473362472992 7
stamp 1790410479679843277 281473362472992 8
stamp 1790410479780382248 281473231872064 1
stamp 1790410479780384952 281473231872064 2
stamp 1790410479780385730 281473231872064 3
stamp 1790410479780388952 281473231872064 4
stamp 1790410479780396822 281473362472992 5
stamp 1790410479780399989 281473362472992 6
stamp 1790410479780400656 281473362472992 7
stamp 1790410479780412063 281473362472992 8
stamp 1790410479880950257 281473231872064 1
stamp 1790410479880952923 281473231872064 2
stamp 1790410479880953701 281473231872064 3
stamp 1790410479880956849 281473231872064 4
stamp 1790410479880970368 281473362472992 5
stamp 1790410479880973331 281473362472992 6
stamp 1790410479880974090 281473362472992 7
stamp 1790410479880985479 281473362472992 8
stamp 1790410479981522765 281473231872064 1
stamp 1790410479981525488 281473231872064 2
stamp 1790410479981526284 281473231872064 3
stamp 1790410479981529617 281473231872064 4
stamp 1790410479981537636 281473362472992 5
stamp 1790410479981540673 281473362472992 6
stamp 1790410479981541599 281473362472992 7
stamp 1790410479981553340 281473362472992 8
stamp 1790410480082090274 281473231872064 1
stamp 1790410480082092959 281473231872064 2
stamp 1790410480082093737 281473231872064 3
stamp 1790410480082097015 281473231872064 4
stamp 1790410480082104940 281473362472992 5
stamp 1790410480082107866 281473362472992 6
stamp 1790410480082108644 281473362472992 7
stamp 1790410480082119885 281473362472992 8
stamp 1790410480182658190 281473231872064 1
stamp 1790410480182661301 281473231872064 2
stamp 1790410480182662060 281473231872064 3
stamp 1790410480182665301 281473231872064 4
stamp 1790410480182673171 281473362472992 5
stamp 1790410480182676153 281473362472992 6
stamp 1790410480182676912 281473362472992 7
stamp 1790410480182688153 281473362472992 8
stamp 1790410480200076846 281473231872064 8
stamp 1790410480200080753 281473231872064 1
stamp 1790410480200083160 281473231872064 2
stamp 1790410480283229476 281473231872064 1
stamp 1790410480283232198 281473231872064 2
stamp 1790410480283233050 281473231872064 3
stamp 1790410480283236383 281473231872064 4
stamp 1790410480283243957 281473362472992 5
stamp 1790410480283246994 281473362472992 6
stamp 1790410480283248031 281473362472992 7
stamp 1790410480283262253 281473362472992 8
stamp 1790410480325875902 281473231872064 1
stamp 1790410480325878513 281473231872064 2
stamp 1790410480383882891 281473231872064 1
stamp 1790410480383886965 281473231872064 2
stamp 1790410480383896780 281473231872064 2
stamp 1790410480384225317 281473231872064 1
stamp 1790410480384227836 281473231872064 2
stamp 1790410480386827967 281473231872064 1
stamp 1790410480386830319 281473231872064 2
