lock acquisitions=976 contended=2 wait_ns=37242 poller_contended=0 poller_wait_ns=0
points 1=rx_wake 2=rx_datagram 3=deliver 4=signaled 5=exec_wake 6=taken 7=publish 8=tx_done
stamp 1790410383569108873 281472753655872 8
stamp 1790410383569116558 281472753655872 1
stamp 1790410383569123392 281472753655872 2
stamp 1790410383569265929 281472879218720 5
stamp 1790410384570088841 281472753655872 8
stamp 1790410384570093175 281472753655872 1
stamp 1790410384570099860 281472753655872 2
stamp 1790410385571091084 281472753655872 8
stamp 1790410385571095510 281472753655872 1
stamp 1790410385571101028 281472753655872 2
stamp 1790410386572084267 281472753655872 8
stamp 1790410386572088748 281472753655872 1
stamp 1790410386572093971 281472753655872 2
stamp 1790410387573106817 281472753655872 8
stamp 1790410387573111928 281472753655872 1
stamp 1790410387573120410 281472753655872 2
stamp 1790410388574102716 281472753655872 8
stamp 1790410388574107567 281472753655872 1
stamp 1790410388574115530 281472753655872 2
stamp 1790410389575085833 281472753655872 8
stamp 1790410389575090610 281472753655872 1
stamp 1790410389575096277 281472753655872 2
stamp 1790410389746997979 281472753655872 1
stamp 1790410389747002942 281472753655872 2
stamp 1790410389747028424 281472753655872 8
stamp 1790410389747261424 281472753655872 1
stamp 1790410389747265405 281472753655872 2
stamp 1790410389747324572 281472753655872 1
stamp 1790410389747327961 281472753655872 2
stamp 1790410389747384868 281472753655872 3
stamp 1790410389747491868 281472753655872 4
stamp 1790410389747499072 281472879218720 5
stamp 1790410389747545480 281472879218720 6
stamp 1790410389747559868 281472879218720 7
stamp 1790410389747601128 281472879218720 8
stamp 1790410389747601609 281472753655872 1
stamp 1790410389747607887 281472753655872 2
stamp 1790410389848132425 281472753655872 1
stamp 1790410389848137091 281472753655872 2
stamp 1790410389848138369 281472753655872 3
stamp 1790410389848141906 281472753655872 4
stamp 1790410389848150943 281472879218720 5
stamp 1790410389848156554 281472879218720 6
stamp 1790410389848158036 281472879218720 7
stamp 1790410389848183092 281472753655872 1
stamp 1790410389848184554 281472879218720 8
stamp 1790410389848186629 281472753655872 2
stamp 1790410389948707074 281472753655872 1
stamp 1790410389948711277 281472753655872 2
stamp 1790410389948712074 281472753655872 3
stamp 1790410389948715592 281472753655872 4
stamp 1790410389948724222 281472879218720 5
stamp 1790410389948727926 281472879218720 6
stamp 1790410389948729055 281472879218720 7
stamp 1790410389948754592 281472753655872 1
stamp 1790410389948755740 281472879218720 8
stamp 1790410389948758240 281472753655872 2
stamp 1790410390049276926 281472753655872 1
stamp 1790410390049280593 281472753655872 2
stamp 1790410390049281241 281472753655872 3
stamp 1790410390049284389 281472753655872 4
stamp 1790410390049292686 281472879218720 5
stamp 1790410390049295963 281472879218720 6
stamp 1790410390049297260 281472879218720 7
stamp 1790410390049320945 281472753655872 1
stamp 1790410390049322334 281472879218720 8
stamp 1790410390049324352 281472753655872 2
stamp 1790410390149845519 281472753655872 1
stamp 1790410390149849630 281472753655872 2
stamp 1790410390149850223 281472753655872 3
stamp 1790410390149853334 281472753655872 4
stamp 1790410390149861316 281472879218720 5
stamp 1790410390149864556 281472879218720 6
stamp 1790410390149865593 281472879218720 7
stamp 1790410390149889353 281472753655872 1
stamp 1790410390149890668 281472879218720 8
stamp 1790410390149892871 281472753655872 2
stamp 1790410390250411798 281472753655872 1
stamp 1790410390250415298 281472753655872 2
stamp 1790410390250415890 281472753655872 3
stamp 1790410390250418946 281472753655872 4
stamp 1790410390250427038 281472879218720 5
stamp 1790410390250430242 281472879218720 6
stamp 1790410390250431224 281472879218720 7
stamp 1790410390250455649 281472753655872 1
stamp 1790410390250456501 281472879218720 8
stamp 1790410390250459075 281472753655872 2
stamp 1790410390350943687 281472753655872 1
stamp 1790410390350956020 281472753655872 2
stamp 1790410390350956761 281472753655872 3
stamp 1790410390350959928 281472753655872 4
stamp 1790410390350968631 281472879218720 5
stamp 1790410390350973317 281472879218720 6
stamp 1790410390350974724 281472879218720 7
stamp 1790410390351002594 281472879218720 8
stamp 1790410390351002928 281472753655872 1
stamp 1790410390351006631 281472753655872 2
stamp 1790410390451508817 281472753655872 1
stamp 1790410390451512391 281472753655872 2
stamp 1790410390451513021 281472753655872 3
stamp 1790410390451516187 281472753655872 4
stamp 1790410390451524132 281472879218720 5
stamp 1790410390451527687 281472879218720 6
stamp 1790410390451528873 281472879218720 7
stamp 1790410390451553539 281472753655872 1
stamp 1790410390451554780 281472879218720 8
stamp 1790410390451557058 281472753655872 2
stamp 1790410390552072540 281472753655872 1
stamp 1790410390552075928 281472753655872 2
stamp 1790410390552076521 281472753655872 3
stamp 1790410390552079595 281472753655872 4
stamp 1790410390552087540 281472879218720 5
stamp 1790410390552090743 281472879218720 6
stamp 1790410390552091873 281472879218720 7
stamp 1790410390552116373 281472753655872 1
stamp 1790410390552117780 281472879218720 8
stamp 1790410390552119873 281472753655872 2
stamp 1790410390575083575 281472753655872 8
stamp 1790410390575087668 281472753655872 1
stamp 1790410390575091501 281472753655872 2
stamp 1790410390652619262 281472753655872 1
stamp 1790410390652624040 281472753655872 2
stamp 1790410390652624947 281472753655872 3
stamp 1790410390652628188 281472753655872 4
stamp 1790410390652636299 281472879218720 5
stamp 1790410390652639596 281472879218720 6
stamp 1790410390652640892 281472879218720 7
stamp 1790410390652665392 281472753655872 1
stamp 1790410390652666207 281472879218720 8
stamp 1790410390652668929 281472753655872 2
stamp 1790410390746976295 281472753655872 1
stamp 1790410390746980462 281472753655872 2
stamp 1790410390753189633 281472753655872 1
stamp 1790410390753193355 281472753655872 2
stamp 1790410390753194115 281472753655872 3
stamp 1790410390753197411 281472753655872 4
stamp 1790410390753204874 281472879218720 5
stamp 1790410390753208207 281472879218720 6
stamp 1790410390753209300 281472879218720 7
stamp 1790410390753225855 281472879218720 8
stamp 1790410390853757634 281472753655872 1
stamp 1790410390853761115 281472753655872 2
stamp 1790410390853761800 281472753655872 3
stamp 1790410390853764782 281472753655872 4
stamp 1790410390853772615 281472879218720 5
stamp 1790410390853775763 281472879218720 6
stamp 1790410390853776745 281472879218720 7
stamp 1790410390853788837 281472879218720 8
stamp 1790410390954313041 281472753655872 1
stamp 1790410390954317115 281472753655872 2
stamp 1790410390954318319 281472753655872 3
stamp 1790410390954321041 281472753655872 4
stamp 1790410390954331634 281472879218720 5
stamp 1790410390954338208 281472879218720 6
stamp 1790410390954340171 281472879218720 7
stamp 1790410390954353504 281472879218720 8
stamp 1790410391054885153 281472753655872 1
stamp 1790410391054889412 281472753655872 2
stamp 1790410391054890282 281472753655872 3
stamp 1790410391054893745 281472753655872 4
stamp 1790410391054904764 281472879218720 5
stamp 1790410391054908505 281472879218720 6
stamp 1790410391054909727 281472879218720 7
stamp 1790410391054922542 281472879218720 8
stamp 1790410391155450375 281472753655872 1
stamp 1790410391155453968 281472753655872 2
stamp 1790410391155454764 281472753655872 3
stamp 1790410391155457949 281472753655872 4
stamp 1790410391155466431 281472879218720 5
stamp 1790410391155468597 281472879218720 6
stamp 1790410391155469301 281472879218720 7
stamp 1790410391155481838 281472879218720 8
stamp 1790410391256011597 281472753655872 1
stamp 1790410391256015209 281472753655872 2
stamp 1790410391256015894 281472753655872 3
stamp 1790410391256019079 281472753655872 4
stamp 1790410391256027486 281472879218720 5
stamp 1790410391256029597 281472879218720 6
stamp 1790410391256030246 281472879218720 7
stamp 1790410391256045523 281472879218720 8
stamp 1790410391356573598 281472753655872 1
stamp 1790410391356577690 281472753655872 2
stamp 1790410391356578431 281472753655872 3
stamp 1790410391356581894 281472753655872 4
stamp 1790410391356589986 281472879218720 5
stamp 1790410391356592264 281472879218720 6
stamp 1790410391356592968 281472879218720 7
stamp 1790410391356607301 281472879218720 8
stamp 1790410391457135190 281472753655872 1
stamp 1790410391457138783 281472753655872 2
stamp 1790410391457139449 281472753655872 3
stamp 1790410391457142505 281472753655872 4
stamp 1790410391457150486 281472879218720 5
stamp 1790410391457153431 281472879218720 6
stamp 1790410391457154505 281472879218720 7
stamp 1790410391457171412 281472879218720 8
stamp 1790410391557700561 281472753655872 1
stamp 1790410391557704635 281472753655872 2
stamp 1790410391557705301 281472753655872 3
stamp 1790410391557708579 281472753655872 4
stamp 1790410391557717005 281472879218720 5
stamp 1790410391557719246 281472879218720 6
stamp 1790410391557720061 281472879218720 7
stamp 1790410391557731505 281472879218720 8
stamp 1790410391575083851 281472753655872 8
stamp 1790410391575088481 281472753655872 1
stamp 1790410391575092592 281472753655872 2
stamp 1790410391658276042 281472753655872 1
stamp 1790410391658280524 281472753655872 2
stamp 1790410391658281320 281472753655872 3
stamp 1790410391658284727 281472753655872 4
stamp 1790410391658293301 281472879218720 5
stamp 1790410391658295764 281472879218720 6
stamp 1790410391658296542 281472879218720 7
stamp 1790410391658308598 281472879218720 8
stamp 1790410391746972663 281472753655872 1
stamp 1790410391746976496 281472753655872 2
stamp 1790410391758832283 281472753655872 1
stamp 1790410391758835727 281472753655872 2
stamp 1790410391758836357 281472753655872 3
stamp 1790410391758839598 281472753655872 4
stamp 1790410391758848079 281472879218720 5
stamp 1790410391758850135 281472879218720 6
stamp 1790410391758850802 281472879218720 7
stamp 1790410391758862357 281472879218720 8
stamp 1790410391859400783 281472753655872 1
stamp 1790410391859459913 281472753655872 2
stamp 1790410391859460691 281472753655872 3
stamp 1790410391859464024 281472753655872 4
stamp 1790410391859472153 281472879218720 5
stamp 1790410391859474209 281472879218720 6
stamp 1790410391859474857 281472879218720 7
stamp 1790410391859486320 281472879218720 8
stamp 1790410391959940765 281472753655872 1
stamp 1790410391959945580 281472753655872 2
stamp 1790410391959946283 281472753655872 3
stamp 1790410391959949450 281472753655872 4
stamp 1790410391959957487 281472879218720 5
stamp 1790410391959959524 281472879218720 6
stamp 1790410391959960117 281472879218720 7
stamp 1790410391959980468 281472879218720 8
stamp 1790410392060500598 281472753655872 1
stamp 1790410392060504302 281472753655872 2
stamp 1790410392060504968 281472753655872 3
stamp 1790410392060508042 281472753655872 4
stamp 1790410392060516376 281472879218720 5
stamp 1790410392060519468 281472879218720 6
stamp 1790410392060520450 281472879218720 7
stamp 1790410392060532191 281472879218720 8
stamp 1790410392161068468 281472753655872 1
stamp 1790410392161072061 281472753655872 2
stamp 1790410392161072727 281472753655872 3
stamp 1790410392161075820 281472753655872 4
stamp 1790410392161083913 281472879218720 5
stamp 1790410392161086635 281472879218720 6
stamp 1790410392161087320 281472879218720 7
stamp 1790410392161098598 281472879218720 8
stamp 1790410392261613653 281472753655872 1
stamp 1790410392261617338 281472753655872 2
stamp 1790410392261632931 281472753655872 3
stamp 1790410392261636320 281472753655872 4
stamp 1790410392261644190 281472879218720 5
stamp 1790410392261646931 281472879218720 6
stamp 1790410392261647616 281472879218720 7
stamp 1790410392261659171 281472879218720 8
stamp 1790410392362177579 281472753655872 1
stamp 1790410392362181468 281472753655872 2
stamp 1790410392362182134 281472753655872 3
stamp 1790410392362185356 281472753655872 4
stamp 1790410392362193301 281472879218720 5
stamp 1790410392362196116 281472879218720 6
stamp 1790410392362196838 281472879218720 7
stamp 1790410392362208116 281472879218720 8
stamp 1790410392462740263 281472753655872 1
stamp 1790410392462743949 281472753655872 2
stamp 1790410392462744597 281472753655872 3
stamp 1790410392462747782 281472753655872 4
stamp 1790410392462755671 281472879218720 5
stamp 1790410392462758912 281472879218720 6
stamp 1790410392462759986 281472879218720 7
stamp 1790410392462775208 281472879218720 8
stamp 1790410392563300356 281472753655872 1
stamp 1790410392563303948 281472753655872 2
stamp 1790410392563304597 281472753655872 3
stamp 1790410392563307856 281472753655872 4
stamp 1790410392563316041 281472879218720 5
stamp 1790410392563318930 281472879218720 6
stamp 1790410392563319949 281472879218720 7
stamp 1790410392563331226 281472879218720 8
stamp 1790410392575078050 281472753655872 8
stamp 1790410392575082087 281472753655872 1
stamp 1790410392575085865 281472753655872 2
stamp 1790410392663867559 281472753655872 1
stamp 1790410392663871281 281472753655872 2
stamp 1790410392663872133 281472753655872 3
stamp 1790410392663875430 281472753655872 4
stamp 1790410392663888744 281472879218720 5
stamp 1790410392663893763 281472879218720 6
stamp 1790410392663895096 281472879218720 7
stamp 1790410392663910930 281472879218720 8
stamp 1790410392746969065 281472753655872 1
stamp 1790410392747268250 281472753655872 2
stamp 1790410392764446133 281472753655872 1
stamp 1790410392764451226 281472753655872 2
stamp 1790410392764451911 281472753655872 3
stamp 1790410392764455411 281472753655872 4
stamp 1790410392764466559 281472879218720 5
stamp 1790410392764470244 281472879218720 6
stamp 1790410392764471374 281472879218720 7
stamp 1790410392764484781 281472879218720 8
stamp 1790410392865011559 281472753655872 1
stamp 1790410392865016133 281472753655872 2
stamp 1790410392865016855 281472753655872 3
stamp 1790410392865020040 281472753655872 4
stamp 1790410392865028244 281472879218720 5
stamp 1790410392865030392 281472879218720 6
stamp 1790410392865031022 281472879218720 7
stamp 1790410392865044114 281472879218720 8
stamp 1790410392965571558 281472753655872 1
stamp 1790410392965575521 281472753655872 2
stamp 1790410392965576170 281472753655872 3
stamp 1790410392965579336 281472753655872 4
stamp 1790410392965587336 281472879218720 5
stamp 1790410392965589373 281472879218720 6
stamp 1790410392965589984 281472879218720 7
stamp 1790410392965601355 281472879218720 8
stamp 1790410393066134225 281472753655872 1
stamp 1790410393066137762 281472753655872 2
stamp 1790410393066138410 281472753655872 3
stamp 1790410393066141577 281472753655872 4
stamp 1790410393066149410 281472879218720 5
stamp 1790410393066151410 281472879218720 6
stamp 1790410393066152003 281472879218720 7
stamp 1790410393066164688 281472879218720 8
stamp 1790410393166700835 281472753655872 1
stamp 1790410393166704576 281472753655872 2
stamp 1790410393166705206 281472753655872 3
stamp 1790410393166708409 281472753655872 4
stamp 1790410393166716280 281472879218720 5
stamp 1790410393166718243 281472879218720 6
stamp 1790410393166718854 281472879218720 7
stamp 1790410393166730150 281472879218720 8
stamp 1790410393267265853 281472753655872 1
stamp 1790410393267269464 281472753655872 2
stamp 1790410393267270094 281472753655872 3
stamp 1790410393267273279 281472753655872 4
stamp 1790410393267281094 281472879218720 5
stamp 1790410393267283038 281472879218720 6
stamp 1790410393267283631 281472879218720 7
stamp 1790410393267294724 281472879218720 8
stamp 1790410393367831260 281472753655872 1
stamp 1790410393367835371 281472753655872 2
stamp 1790410393367836075 281472753655872 3
stamp 1790410393367839167 281472753655872 4
stamp 1790410393367852482 281472879218720 5
stamp 1790410393367858204 281472879218720 6
stamp 1790410393367859871 281472879218720 7
stamp 1790410393367876260 281472879218720 8
stamp 1790410393468392370 281472753655872 1
stamp 1790410393468396148 281472753655872 2
stamp 1790410393468397019 281472753655872 3
stamp 1790410393468400167 281472753655872 4
stamp 1790410393468408778 281472879218720 5
stamp 1790410393468412722 281472879218720 6
stamp 1790410393468414056 281472879218720 7
stamp 1790410393468428000 281472879218720 8
stamp 1790410393568935110 281472753655872 1
stamp 1790410393568938925 281472753655872 2
stamp 1790410393568939703 281472753655872 3
stamp 1790410393568942833 281472753655872 4
stamp 1790410393568951333 281472879218720 5
stamp 1790410393568953573 281472879218720 6
stamp 1790410393568954222 281472879218720 7
stamp 1790410393568974759 281472879218720 8
stamp 1790410393575080541 281472753655872 8
stamp 1790410393575084541 281472753655872 1
stamp 1790410393575088189 281472753655872 2
stamp 1790410393669502795 281472753655872 1
stamp 1790410393669506591 281472753655872 2
stamp 1790410393669507351 281472753655872 3
stamp 1790410393669510665 281472753655872 4
stamp 1790410393669518610 281472879218720 5
stamp 1790410393669522091 281472879218720 6
stamp 1790410393669523184 281472879218720 7
stamp 1790410393669536277 281472879218720 8
stamp 1790410393746970037 281472753655872 1
stamp 1790410393746973648 281472753655872 2
stamp 1790410393770076683 281472753655872 1
stamp 1790410393770080128 281472753655872 2
stamp 1790410393770080665 281472753655872 3
stamp 1790410393770083906 281472753655872 4
stamp 1790410393770092239 281472879218720 5
stamp 1790410393770095239 281472879218720 6
stamp 1790410393770096072 281472879218720 7
stamp 1790410393770108091 281472879218720 8
stamp 1790410393870612497 281472753655872 1
stamp 1790410393870616109 281472753655872 2
stamp 1790410393870616738 281472753655872 3
stamp 1790410393870619905 281472753655872 4
stamp 1790410393870627998 281472879218720 5
stamp 1790410393870630868 281472879218720 6
stamp 1790410393870631516 281472879218720 7
stamp 1790410393870642979 281472879218720 8
stamp 1790410393971174756 281472753655872 1
stamp 1790410393971179849 281472753655872 2
stamp 1790410393971180478 281472753655872 3
stamp 1790410393971183738 281472753655872 4
stamp 1790410393971191719 281472879218720 5
stamp 1790410393971194793 281472879218720 6
stamp 1790410393971195441 281472879218720 7
stamp 1790410393971206997 281472879218720 8
stamp 1790410394071745552 281472753655872 1
stamp 1790410394071749366 281472753655872 2
stamp 1790410394071750015 281472753655872 3
stamp 1790410394071752996 281472753655872 4
stamp 1790410394071764255 281472879218720 5
stamp 1790410394071769033 281472879218720 6
stamp 1790410394071770422 281472879218720 7
stamp 1790410394071785848 281472879218720 8
stamp 1790410394172312236 281472753655872 1
stamp 1790410394172315977 281472753655872 2
stamp 1790410394172316643 281472753655872 3
stamp 1790410394172319810 281472753655872 4
stamp 1790410394172331717 281472879218720 5
stamp 1790410394172336199 281472879218720 6
stamp 1790410394172337458 281472879218720 7
stamp 1790410394172352125 281472879218720 8
stamp 1790410394272878735 281472753655872 1
stamp 1790410394272883698 281472753655872 2
stamp 1790410394272884365 281472753655872 3
stamp 1790410394272900605 281472753655872 4
stamp 1790410394272910050 281472879218720 5
stamp 1790410394272913235 281472879218720 6
stamp 1790410394272914328 281472879218720 7
stamp 1790410394272927124 281472879218720 8
stamp 1790410394373441789 281472753655872 1
stamp 1790410394373445882 281472753655872 2
stamp 1790410394373446567 281472753655872 3
stamp 1790410394373449808 281472753655872 4
stamp 1790410394373458049 281472879218720 5
stamp 1790410394373460160 281472879218720 6
stamp 1790410394373460827 281472879218720 7
stamp 1790410394373473197 281472879218720 8
stamp 1790410394474004585 281472753655872 1
stamp 1790410394474008159 281472753655872 2
stamp 1790410394474008807 281472753655872 3
stamp 1790410394474011918 281472753655872 4
stamp 1790410394474019566 281472879218720 5
stamp 1790410394474021900 281472879218720 6
stamp 1790410394474022622 281472879218720 7
stamp 1790410394474037363 281472879218720 8
stamp 1790410394574567750 281472753655872 1
stamp 1790410394574571325 281472753655872 2
stamp 1790410394574571880 281472753655872 3
stamp 1790410394574575028 281472753655872 4
stamp 1790410394574586547 281472879218720 5
stamp 1790410394574591102 281472879218720 6
stamp 1790410394574592250 281472879218720 7
stamp 1790410394574620880 281472753655872 1
stamp 1790410394574622250 281472879218720 8
stamp 1790410394574624602 281472753655872 2
stamp 1790410394675133675 281472753655872 1
stamp 1790410394675137287 281472753655872 2
stamp 1790410394675137972 281472753655872 3
stamp 1790410394675141157 281472753655872 4
stamp 1790410394675150175 281472879218720 5
stamp 1790410394675154083 281472879218720 6
stamp 1790410394675155268 281472879218720 7
stamp 1790410394675169157 281472879218720 8
stamp 1790410394746972987 281472753655872 1
stamp 1790410394746976876 281472753655872 2
stamp 1790410394775703637 281472753655872 1
stamp 1790410394775707045 281472753655872 2
stamp 1790410394775707600 281472753655872 3
stamp 1790410394775710711 281472753655872 4
stamp 1790410394775718860 281472879218720 5
stamp 1790410394775721082 281472879218720 6
stamp 1790410394775721711 281472879218720 7
stamp 1790410394775733378 281472879218720 8
stamp 1790410394876271414 281472753655872 1
stamp 1790410394876275748 281472753655872 2
stamp 1790410394876276433 281472753655872 3
stamp 1790410394876279544 281472753655872 4
stamp 1790410394876287488 281472879218720 5
stamp 1790410394876289451 281472879218720 6
stamp 1790410394876290044 281472879218720 7
stamp 1790410394876301266 281472879218720 8
stamp 1790410394976836136 281472753655872 1
stamp 1790410394976839765 281472753655872 2
stamp 1790410394976840432 281472753655872 3
stamp 1790410394976843543 281472753655872 4
stamp 1790410394976851469 281472879218720 5
stamp 1790410394976853450 281472879218720 6
stamp 1790410394976854024 281472879218720 7
stamp 1790410394976865432 281472879218720 8
stamp 1790410395077397894 281472753655872 1
stamp 1790410395077401523 281472753655872 2
stamp 1790410395077402190 281472753655872 3
stamp 1790410395077405301 281472753655872 4
stamp 1790410395077413171 281472879218720 5
stamp 1790410395077415116 281472879218720 6
stamp 1790410395077415708 281472879218720 7
stamp 1790410395077426782 281472879218720 8
stamp 1790410395177931855 281472753655872 1
stamp 1790410395177935392 281472753655872 2
stamp 1790410395177936022 281472753655872 3
stamp 1790410395177939133 281472753655872 4
stamp 1790410395177946966 281472879218720 5
stamp 1790410395177948874 281472879218720 6
stamp 1790410395177949448 281472879218720 7
stamp 1790410395177960577 281472879218720 8
stamp 1790410395278500706 281472753655872 1
stamp 1790410395278504520 281472753655872 2
stamp 1790410395278505169 281472753655872 3
stamp 1790410395278508280 281472753655872 4
stamp 1790410395278516465 281472879218720 5
stamp 1790410395278518706 281472879218720 6
stamp 1790410395278519354 281472879218720 7
stamp 1790410395278531224 281472879218720 8
stamp 1790410395379068130 281472753655872 1
stamp 1790410395379071723 281472753655872 2
stamp 1790410395379072519 281472753655872 3
stamp 1790410395379075612 281472753655872 4
stamp 1790410395379087778 281472879218720 5
stamp 1790410395379092186 281472879218720 6
stamp 1790410395379093501 281472879218720 7
stamp 1790410395379107519 281472879218720 8
stamp 1790410395479609481 281472753655872 1
stamp 1790410395479613203 281472753655872 2
stamp 1790410395479613888 281472753655872 3
stamp 1790410395479617129 281472753655872 4
stamp 1790410395479625740 281472879218720 5
stamp 1790410395479629481 281472879218720 6
stamp 1790410395479630833 281472879218720 7
stamp 1790410395479644629 281472879218720 8
stamp 1790410395575079402 281472753655872 8
stamp 1790410395575083365 281472753655872 1
stamp 1790410395575087013 281472753655872 2
stamp 1790410395580170091 281472753655872 1
stamp 1790410395580173683 281472753655872 2
stamp 1790410395580174424 281472753655872 3
stamp 1790410395580177813 281472753655872 4
stamp 1790410395580185813 281472879218720 5
stamp 1790410395580188257 281472879218720 6
stamp 1790410395580188887 281472879218720 7
stamp 1790410395580201016 281472879218720 8
stamp 1790410395680738978 281472753655872 1
stamp 1790410395680742663 281472753655872 2
stamp 1790410395680743274 281472753655872 3
stamp 1790410395680746571 281472753655872 4
stamp 1790410395680754626 281472879218720 5
stamp 1790410395680756626 281472879218720 6
stamp 1790410395680757256 281472879218720 7
stamp 1790410395680769349 281472879218720 8
stamp 1790410395746932248 281472753655872 1
stamp 1790410395746935841 281472753655872 2
stamp 1790410395781305810 281472753655872 1
stamp 1790410395781318495 281472753655872 2
stamp 1790410395781319088 281472753655872 3
stamp 1790410395781322347 281472753655872 4
stamp 1790410395781330125 281472879218720 5
stamp 1790410395781332051 281472879218720 6
stamp 1790410395781332625 281472879218720 7
stamp 1790410395781345736 281472879218720 8
stamp 1790410395881875290 281472753655872 1
stamp 1790410395881879698 281472753655872 2
stamp 1790410395881880346 281472753655872 3
stamp 1790410395881883531 281472753655872 4
stamp 1790410395881891401 281472879218720 5
stamp 1790410395881893364 281472879218720 6
stamp 1790410395881894031 281472879218720 7
stamp 1790410395881905124 281472879218720 8
stamp 1790410395982441437 281472753655872 1
stamp 1790410395982445104 281472753655872 2
stamp 1790410395982445808 281472753655872 3
stamp 1790410395982448993 281472753655872 4
stamp 1790410395982456882 281472879218720 5
stamp 1790410395982458845 281472879218720 6
stamp 1790410395982459530 281472879218720 7
stamp 1790410395982470511 281472879218720 8
stamp 1790410396083004417 281472753655872 1
stamp 1790410396083008158 281472753655872 2
stamp 1790410396083008843 281472753655872 3
stamp 1790410396083011973 281472753655872 4
stamp 1790410396083023973 281472879218720 5
stamp 1790410396083028399 281472879218720 6
stamp 1790410396083029695 281472879218720 7
stamp 1790410396083043862 281472879218720 8
stamp 1790410396183568267 281472753655872 1
stamp 1790410396183571897 281472753655872 2
stamp 1790410396183572545 281472753655872 3
stamp 1790410396183575730 281472753655872 4
stamp 1790410396183585101 281472879218720 5
stamp 1790410396183588378 281472879218720 6
stamp 1790410396183589397 281472879218720 7
stamp 1790410396183602082 281472879218720 8
stamp 1790410396284135655 281472753655872 1
stamp 1790410396284139636 281472753655872 2
stamp 1790410396284140303 281472753655872 3
stamp 1790410396284143432 281472753655872 4
stamp 1790410396284154636 281472879218720 5
stamp 1790410396284159284 281472879218720 6
stamp 1790410396284160617 281472879218720 7
stamp 1790410396284175358 281472879218720 8
stamp 1790410396384701486 281472753655872 1
stamp 1790410396384705320 281472753655872 2
stamp 1790410396384706134 281472753655872 3
stamp 1790410396384709486 281472753655872 4
stamp 1790410396384719653 281472879218720 5
stamp 1790410396384723023 281472879218720 6
stamp 1790410396384724097 281472879218720 7
stamp 1790410396384737060 281472879218720 8
stamp 1790410396485269892 281472753655872 1
stamp 1790410396485273466 281472753655872 2
stamp 1790410396485274096 281472753655872 3
stamp 1790410396485277318 281472753655872 4
stamp 1790410396485285725 281472879218720 5
stamp 1790410396485287818 281472879218720 6
stamp 1790410396485288448 281472879218720 7
stamp 1790410396485300336 281472879218720 8
stamp 1790410396575076271 281472753655872 8
stamp 1790410396575080179 281472753655872 1
stamp 1790410396575083864 281472753655872 2
stamp 1790410396585839390 281472753655872 1
stamp 1790410396585843205 281472753655872 2
stamp 1790410396585843909 281472753655872 3
stamp 1790410396585847038 281472753655872 4
stamp 1790410396585859390 281472879218720 5
stamp 1790410396585864594 281472879218720 6
stamp 1790410396585866075 281472879218720 7
stamp 1790410396585881742 281472879218720 8
stamp 1790410396686404870 281472753655872 1
stamp 1790410396686408629 281472753655872 2
stamp 1790410396686409296 281472753655872 3
stamp 1790410396686412500 281472753655872 4
stamp 1790410396686421981 281472879218720 5
stamp 1790410396686425296 281472879218720 6
stamp 1790410396686426333 281472879218720 7
stamp 1790410396686439166 281472879218720 8
stamp 1790410396746972766 281472753655872 1
stamp 1790410396746976358 281472753655872 2
stamp 1790410396786939017 281472753655872 1
stamp 1790410396786942517 281472753655872 2
stamp 1790410396786943109 281472753655872 3
stamp 1790410396786946183 281472753655872 4
stamp 1790410396786958165 281472879218720 5
stamp 1790410396786969183 281472879218720 6
stamp 1790410396786970628 281472879218720 7
stamp 1790410396786986480 281472879218720 8
stamp 1790410396887497793 281472753655872 1
stamp 1790410396887501348 281472753655872 2
stamp 1790410396887501978 281472753655872 3
stamp 1790410396887505163 281472753655872 4
stamp 1790410396887514663 281472879218720 5
stamp 1790410396887518089 281472879218720 6
stamp 1790410396887519033 281472879218720 7
stamp 1790410396887531533 281472879218720 8
stamp 1790410396988065995 281472753655872 1
stamp 1790410396988069587 281472753655872 2
stamp 1790410396988070198 281472753655872 3
stamp 1790410396988073421 281472753655872 4
stamp 1790410396988081865 281472879218720 5
stamp 1790410396988084735 281472879218720 6
stamp 1790410396988085421 281472879218720 7
stamp 1790410396988097087 281472879218720 8
stamp 1790410397088615993 281472753655872 1
stamp 1790410397088619567 281472753655872 2
stamp 1790410397088620252 281472753655872 3
stamp 1790410397088623419 281472753655872 4
stamp 1790410397088631659 281472879218720 5
stamp 1790410397088634511 281472879218720 6
stamp 1790410397088635196 281472879218720 7
stamp 1790410397088646326 281472879218720 8
stamp 1790410397189187491 281472753655872 1
stamp 1790410397189191583 281472753655872 2
stamp 1790410397189192250 281472753655872 3
stamp 1790410397189195491 281472753655872 4
stamp 1790410397189203843 281472879218720 5
stamp 1790410397189206694 281472879218720 6
stamp 1790410397189207417 281472879218720 7
stamp 1790410397189218843 281472879218720 8
stamp 1790410397289753118 281472753655872 1
stamp 1790410397289757415 281472753655872 2
stamp 1790410397289758081 281472753655872 3
stamp 1790410397289761081 281472753655872 4
stamp 1790410397289774674 281472879218720 5
stamp 1790410397289779174 281472879218720 6
stamp 1790410397289780526 281472879218720 7
stamp 1790410397289795878 281472879218720 8
stamp 1790410397390320709 281472753655872 1
stamp 1790410397390324913 281472753655872 2
stamp 1790410397390325579 281472753655872 3
stamp 1790410397390328765 281472753655872 4
stamp 1790410397390339283 281472879218720 5
stamp 1790410397390342802 281472879218720 6
stamp 1790410397390343913 281472879218720 7
stamp 1790410397390357024 281472879218720 8
stamp 1790410397490886577 281472753655872 1
stamp 1790410397490890392 281472753655872 2
stamp 1790410397490891077 281472753655872 3
stamp 1790410397490894355 281472753655872 4
stamp 1790410397490902633 281472879218720 5
stamp 1790410397490904688 281472879218720 6
stamp 1790410397490905355 281472879218720 7
stamp 1790410397490916707 281472879218720 8
stamp 1790410397575077675 281472753655872 8
stamp 1790410397575081545 281472753655872 1
stamp 1790410397575085434 281472753655872 2
stamp 1790410397591454372 281472753655872 1
stamp 1790410397591458557 281472753655872 2
stamp 1790410397591459409 281472753655872 3
stamp 1790410397591462816 281472753655872 4
stamp 1790410397591471353 281472879218720 5
stamp 1790410397591474964 281472879218720 6
stamp 1790410397591475964 281472879218720 7
stamp 1790410397591493242 281472879218720 8
stamp 1790410397692011962 281472753655872 1
stamp 1790410397692015684 281472753655872 2
stamp 1790410397692016351 281472753655872 3
stamp 1790410397692019555 281472753655872 4
stamp 1790410397692027944 281472879218720 5
stamp 1790410397692030221 281472879218720 6
stamp 1790410397692031073 281472879218720 7
stamp 1790410397692042629 281472879218720 8
stamp 1790410397746971946 281472753655872 1
stamp 1790410397746975538 281472753655872 2
stamp 1790410397792579108 281472753655872 1
stamp 1790410397792582923 281472753655872 2
stamp 1790410397792583627 281472753655872 3
stamp 1790410397792586756 281472753655872 4
stamp 1790410397792598793 281472879218720 5
stamp 1790410397792603108 281472879218720 6
stamp 1790410397792604386 281472879218720 7
stamp 1790410397792618645 281472879218720 8
stamp 1790410397893145699 281472753655872 1
stamp 1790410397893149403 281472753655872 2
stamp 1790410397893150088 281472753655872 3
stamp 1790410397893153273 281472753655872 4
stamp 1790410397893162847 281472879218720 5
stamp 1790410397893166162 281472879218720 6
stamp 1790410397893167217 281472879218720 7
stamp 1790410397893179958 281472879218720 8
stamp 1790410397993713012 281472753655872 1
stamp 1790410397993716660 281472753655872 2
stamp 1790410397993717363 281472753655872 3
stamp 1790410397993720512 281472753655872 4
stamp 1790410397993729123 281472879218720 5
stamp 1790410397993731215 281472879218720 6
stamp 1790410397993731882 281472879218720 7
stamp 1790410397993743363 281472879218720 8
stamp 1790410398094278787 281472753655872 1
stamp 1790410398094282324 281472753655872 2
stamp 1790410398094282954 281472753655872 3
stamp 1790410398094286084 281472753655872 4
stamp 1790410398094294398 281472879218720 5
stamp 1790410398094296380 281472879218720 6
stamp 1790410398094297009 281472879218720 7
stamp 1790410398094308732 281472879218720 8
stamp 1790410398194848600 281472753655872 1
stamp 1790410398194852489 281472753655872 2
stamp 1790410398194853137 281472753655872 3
stamp 1790410398194856285 281472753655872 4
stamp 1790410398194864396 281472879218720 5
stamp 1790410398194866414 281472879218720 6
stamp 1790410398194866970 281472879218720 7
stamp 1790410398194878396 281472879218720 8
stamp 1790410398295419431 281472753655872 1
stamp 1790410398295423097 281472753655872 2
stamp 1790410398295423782 281472753655872 3
stamp 1790410398295426819 281472753655872 4
stamp 1790410398295440134 281472879218720 5
stamp 1790410398295457560 281472879218720 6
stamp 1790410398295459005 281472879218720 7
stamp 1790410398295473690 281472879218720 8
stamp 1790410398395990928 281472753655872 1
stamp 1790410398395995465 281472753655872 2
stamp 1790410398395996225 281472753655872 3
stamp 1790410398395999410 281472753655872 4
stamp 1790410398396007947 281472879218720 5
stamp 1790410398396011354 281472879218720 6
stamp 1790410398396012428 281472879218720 7
stamp 1790410398396025613 281472879218720 8
stamp 1790410398496555481 281472753655872 1
stamp 1790410398496559259 281472753655872 2
stamp 1790410398496559907 281472753655872 3
stamp 1790410398496563055 281472753655872 4
stamp 1790410398496571648 281472879218720 5
stamp 1790410398496573796 281472879218720 6
stamp 1790410398496574500 281472879218720 7
stamp 1790410398496585796 281472879218720 8
stamp 1790410398575076593 281472753655872 8
stamp 1790410398575080408 281472753655872 1
stamp 1790410398575083963 281472753655872 2
stamp 1790410398597127535 281472753655872 1
stamp 1790410398597131275 281472753655872 2
stamp 1790410398597131961 281472753655872 3
stamp 1790410398597135294 281472753655872 4
stamp 1790410398597143553 281472879218720 5
stamp 1790410398597146090 281472879218720 6
stamp 1790410398597147016 281472879218720 7
stamp 1790410398597161924 281472879218720 8
stamp 1790410398697688458 281472753655872 1
stamp 1790410398697692014 281472753655872 2
stamp 1790410398697692643 281472753655872 3
stamp 1790410398697695773 281472753655872 4
stamp 1790410398697703792 281472879218720 5
stamp 1790410398697706217 281472879218720 6
stamp 1790410398697707069 281472879218720 7
stamp 1790410398697718977 281472879218720 8
stamp 1790410398746971290 281472753655872 1
stamp 1790410398746974919 281472753655872 2
stamp 1790410398798261808 281472753655872 1
stamp 1790410398798273956 281472753655872 2
stamp 1790410398798274511 281472753655872 3
stamp 1790410398798277604 281472753655872 4
stamp 1790410398798289845 281472879218720 5
stamp 1790410398798293993 281472879218720 6
stamp 1790410398798295234 281472879218720 7
stamp 1790410398798311493 281472879218720 8
stamp 1790410398898824824 281472753655872 1
stamp 1790410398898828953 281472753655872 2
stamp 1790410398898829565 281472753655872 3
stamp 1790410398898832713 281472753655872 4
stamp 1790410398898842194 281472879218720 5
stamp 1790410398898845657 281472879218720 6
stamp 1790410398898846787 281472879218720 7
stamp 1790410398898859731 281472879218720 8
stamp 1790410398999390359 281472753655872 1
stamp 1790410398999394766 281472753655872 2
stamp 1790410398999395396 281472753655872 3
stamp 1790410398999398470 281472753655872 4
stamp 1790410398999407007 281472879218720 5
stamp 1790410398999409118 281472879218720 6
stamp 1790410398999409766 281472879218720 7
stamp 1790410398999421136 281472879218720 8
stamp 1790410399099934263 281472753655872 1
stamp 1790410399099938171 281472753655872 2
stamp 1790410399099938800 281472753655872 3
stamp 1790410399099941949 281472753655872 4
stamp 1790410399099950097 281472879218720 5
stamp 1790410399099952078 281472879218720 6
stamp 1790410399099952652 281472879218720 7
stamp 1790410399099974134 281472879218720 8
stamp 1790410399200497335 281472753655872 1
stamp 1790410399200501557 281472753655872 2
stamp 1790410399200502205 281472753655872 3
stamp 1790410399200505298 281472753655872 4
stamp 1790410399200513798 281472879218720 5
stamp 1790410399200517057 281472879218720 6
stamp 1790410399200518131 281472879218720 7
stamp 1790410399200531798 281472879218720 8
stamp 1790410399301066091 281472753655872 1
stamp 1790410399301069758 281472753655872 2
stamp 1790410399301070369 281472753655872 3
stamp 1790410399301073499 281472753655872 4
stamp 1790410399301086443 281472879218720 5
stamp 1790410399301091036 281472879218720 6
stamp 1790410399301092425 281472879218720 7
stamp 1790410399301106925 281472879218720 8
stamp 1790410399401607440 281472753655872 1
stamp 1790410399401611181 281472753655872 2
stamp 1790410399401611811 281472753655872 3
stamp 1790410399401614977 281472753655872 4
stamp 1790410399401624718 281472879218720 5
stamp 1790410399401627940 281472879218720 6
stamp 1790410399401629014 281472879218720 7
stamp 1790410399401641959 281472879218720 8
stamp 1790410399502168438 281472753655872 1
stamp 1790410399502171993 281472753655872 2
stamp 1790410399502172586 281472753655872 3
stamp 1790410399502175660 281472753655872 4
stamp 1790410399502184012 281472879218720 5
stamp 1790410399502186308 281472879218720 6
stamp 1790410399502186956 281472879218720 7
stamp 1790410399502198901 281472879218720 8
stamp 1790410399575077100 281472753655872 8
stamp 1790410399575080971 281472753655872 1
stamp 1790410399575084878 281472753655872 2
stamp 1790410399602734046 281472753655872 1
stamp 1790410399602737694 281472753655872 2
stamp 1790410399602738453 281472753655872 3
stamp 1790410399602741787 281472753655872 4
stamp 1790410399602749750 281472879218720 5
stamp 1790410399602752028 281472879218720 6
stamp 1790410399602752657 281472879218720 7
stamp 1790410399602764620 281472879218720 8
stamp 1790410399703296043 281472753655872 1
stamp 1790410399703301247 281472753655872 2
stamp 1790410399703301914 281472753655872 3
stamp 1790410399703305025 281472753655872 4
stamp 1790410399703313154 281472879218720 5
stamp 1790410399703315191 281472879218720 6
stamp 1790410399703315840 281472879218720 7
stamp 1790410399703329580 281472879218720 8
stamp 1790410399746969722 281472753655872 1
stamp 1790410399746974130 281472753655872 2
stamp 1790410399803969800 281472753655872 1
stamp 1790410399803976244 281472753655872 2
stamp 1790410399803982356 281472753655872 2
stamp 1790410399804310911 281472753655872 1
stamp 1790410399804314152 281472753655872 2
stamp 1790410399807705229 281472753655872 1
stamp 1790410399807708580 281472753655872 2
