lock acquisitions=952 contended=4 wait_ns=44483 poller_contended=2 poller_wait_ns=6889
points 1=rx_wake 2=rx_datagram 3=deliver 4=signaled 5=exec_wake 6=taken 7=publish 8=tx_done
stamp 1790410361970108440 281473270640704 8
stamp 1790410361970116033 281473270640704 1
stamp 1790410361970121126 281473270640704 2
stamp 1790410361970334885 281473326403616 5
stamp 1790410362971091746 281473270640704 8
stamp 1790410362971096524 281473270640704 1
stamp 1790410362971101432 281473270640704 2
stamp 1790410363972092771 281473270640704 8
stamp 1790410363972097697 281473270640704 1
stamp 1790410363972102641 281473270640704 2
stamp 1790410364973090496 281473270640704 8
stamp 1790410364973095088 281473270640704 1
stamp 1790410364973099162 281473270640704 2
stamp 1790410365973043049 281473270640704 8
stamp 1790410365973049882 281473270640704 1
stamp 1790410365973055808 281473270640704 2
stamp 1790410366975111637 281473270640704 8
stamp 1790410366975116434 281473270640704 1
stamp 1790410366975121249 281473270640704 2
stamp 1790410367976089906 281473270640704 8
stamp 1790410367976094443 281473270640704 1
stamp 1790410367976098055 281473270640704 2
stamp 1790410368115015409 281473270640704 1
stamp 1790410368115019409 281473270640704 2
stamp 1790410368115045798 281473270640704 8
stamp 1790410368115277817 281473270640704 1
stamp 1790410368115280558 281473270640704 2
stamp 1790410368135096204 281473270640704 1
stamp 1790410368135099500 281473270640704 2
stamp 1790410368135126463 281473270640704 3
stamp 1790410368135212944 281473270640704 4
stamp 1790410368135221870 281473326403616 5
stamp 1790410368135267778 281473326403616 6
stamp 1790410368135282389 281473326403616 7
stamp 1790410368135310444 281473326403616 8
stamp 1790410368235914286 281473270640704 1
stamp 1790410368235918656 281473270640704 2
stamp 1790410368235919860 281473270640704 3
stamp 1790410368235923305 281473270640704 4
stamp 1790410368235931490 281473326403616 5
stamp 1790410368235936638 281473326403616 6
stamp 1790410368235938194 281473326403616 7
stamp 1790410368235953045 281473326403616 8
stamp 1790410368336493517 281473270640704 1
stamp 1790410368336496202 281473270640704 2
stamp 1790410368336496943 281473270640704 3
stamp 1790410368336500369 281473270640704 4
stamp 1790410368336508128 281473326403616 5
stamp 1790410368336511554 281473326403616 6
stamp 1790410368336512424 281473326403616 7
stamp 1790410368336525109 281473326403616 8
stamp 1790410368437077581 281473270640704 1
stamp 1790410368437081655 281473270640704 2
stamp 1790410368437082933 281473270640704 3
stamp 1790410368437086821 281473270640704 4
stamp 1790410368437094729 281473326403616 5
stamp 1790410368437098099 281473326403616 6
stamp 1790410368437098988 281473326403616 7
stamp 1790410368437111359 281473326403616 8
stamp 1790410368537637534 281473270640704 1
stamp 1790410368537640219 281473270640704 2
stamp 1790410368537641015 281473270640704 3
stamp 1790410368537644182 281473270640704 4
stamp 1790410368537651941 281473326403616 5
stamp 1790410368537655015 281473326403616 6
stamp 1790410368537655793 281473326403616 7
stamp 1790410368537668515 281473326403616 8
stamp 1790410368638207820 281473270640704 1
stamp 1790410368638212079 281473270640704 2
stamp 1790410368638213449 281473270640704 3
stamp 1790410368638217579 281473270640704 4
stamp 1790410368638225431 281473326403616 5
stamp 1790410368638228616 281473326403616 6
stamp 1790410368638229394 281473326403616 7
stamp 1790410368638241635 281473326403616 8
stamp 1790410368738772939 281473270640704 1
stamp 1790410368738775865 281473270640704 2
stamp 1790410368738776643 281473270640704 3
stamp 1790410368738779939 281473270640704 4
stamp 1790410368738787661 281473326403616 5
stamp 1790410368738790865 281473326403616 6
stamp 1790410368738791680 281473326403616 7
stamp 1790410368738803865 281473326403616 8
stamp 1790410368839341411 281473270640704 1
stamp 1790410368839343874 281473270640704 2
stamp 1790410368839344522 281473270640704 3
stamp 1790410368839347614 281473270640704 4
stamp 1790410368839355411 281473326403616 5
stamp 1790410368839371040 281473326403616 6
stamp 1790410368839372170 281473326403616 7
stamp 1790410368839387448 281473326403616 8
stamp 1790410368939911271 281473270640704 1
stamp 1790410368939913993 281473270640704 2
stamp 1790410368939914734 281473270640704 3
stamp 1790410368939917919 281473270640704 4
stamp 1790410368939925845 281473326403616 5
stamp 1790410368939929234 281473326403616 6
stamp 1790410368939930271 281473326403616 7
stamp 1790410368939944271 281473326403616 8
stamp 1790410368976085597 281473270640704 8
stamp 1790410368976090819 281473270640704 1
stamp 1790410368976093856 281473270640704 2
stamp 1790410369040485687 281473270640704 1
stamp 1790410369040490113 281473270640704 2
stamp 1790410369040491446 281473270640704 3
stamp 1790410369040495205 281473270640704 4
stamp 1790410369040502964 281473326403616 5
stamp 1790410369040506279 281473326403616 6
stamp 1790410369040507113 281473326403616 7
stamp 1790410369040520872 281473326403616 8
stamp 1790410369114960525 281473270640704 1
stamp 1790410369114975692 281473270640704 2
stamp 1790410369141060769 281473270640704 1
stamp 1790410369141063176 281473270640704 2
stamp 1790410369141063750 281473270640704 3
stamp 1790410369141066935 281473270640704 4
stamp 1790410369141074676 281473326403616 5
stamp 1790410369141077750 281473326403616 6
stamp 1790410369141078472 281473326403616 7
stamp 1790410369141090750 281473326403616 8
stamp 1790410369241633758 281473270640704 1
stamp 1790410369241636277 281473270640704 2
stamp 1790410369241636906 281473270640704 3
stamp 1790410369241639943 281473270640704 4
stamp 1790410369241647554 281473326403616 5
stamp 1790410369241650554 281473326403616 6
stamp 1790410369241651277 281473326403616 7
stamp 1790410369241662832 281473326403616 8
stamp 1790410369342204562 281473270640704 1
stamp 1790410369342207025 281473270640704 2
stamp 1790410369342207692 281473270640704 3
stamp 1790410369342210748 281473270640704 4
stamp 1790410369342218581 281473326403616 5
stamp 1790410369342221729 281473326403616 6
stamp 1790410369342222433 281473326403616 7
stamp 1790410369342235655 281473326403616 8
stamp 1790410369442779515 281473270640704 1
stamp 1790410369442784626 281473270640704 2
stamp 1790410369442785996 281473270640704 3
stamp 1790410369442789793 281473270640704 4
stamp 1790410369442797385 281473326403616 5
stamp 1790410369442800570 281473326403616 6
stamp 1790410369442801348 281473326403616 7
stamp 1790410369442813459 281473326403616 8
stamp 1790410369543346504 281473270640704 1
stamp 1790410369543349301 281473270640704 2
stamp 1790410369543350023 281473270640704 3
stamp 1790410369543353134 281473270640704 4
stamp 1790410369543360727 281473326403616 5
stamp 1790410369543363708 281473326403616 6
stamp 1790410369543364449 281473326403616 7
stamp 1790410369543376023 281473326403616 8
stamp 1790410369643920827 281473270640704 1
stamp 1790410369643925383 281473270640704 2
stamp 1790410369643926698 281473270640704 3
stamp 1790410369643930420 281473270640704 4
stamp 1790410369643938050 281473326403616 5
stamp 1790410369643941050 281473326403616 6
stamp 1790410369643941901 281473326403616 7
stamp 1790410369643953624 281473326403616 8
stamp 1790410369744490224 281473270640704 1
stamp 1790410369744493465 281473270640704 2
stamp 1790410369744494113 281473270640704 3
stamp 1790410369744497280 281473270640704 4
stamp 1790410369744505057 281473326403616 5
stamp 1790410369744507965 281473326403616 6
stamp 1790410369744508706 281473326403616 7
stamp 1790410369744520409 281473326403616 8
stamp 1790410369845060473 281473270640704 1
stamp 1790410369845062954 281473270640704 2
stamp 1790410369845063603 281473270640704 3
stamp 1790410369845066714 281473270640704 4
stamp 1790410369845074380 281473326403616 5
stamp 1790410369845077362 281473326403616 6
stamp 1790410369845078084 281473326403616 7
stamp 1790410369845089732 281473326403616 8
stamp 1790410369945635722 281473270640704 1
stamp 1790410369945638555 281473270640704 2
stamp 1790410369945639259 281473270640704 3
stamp 1790410369945642407 281473270640704 4
stamp 1790410369945650259 281473326403616 5
stamp 1790410369945653296 281473326403616 6
stamp 1790410369945654037 281473326403616 7
stamp 1790410369945666092 281473326403616 8
stamp 1790410369976082710 281473270640704 8
stamp 1790410369976087358 281473270640704 1
stamp 1790410369976090358 281473270640704 2
stamp 1790410370046201748 281473270640704 1
stamp 1790410370046205156 281473270640704 2
stamp 1790410370046205970 281473270640704 3
stamp 1790410370046209267 281473270640704 4
stamp 1790410370046217007 281473326403616 5
stamp 1790410370046220174 281473326403616 6
stamp 1790410370046220952 281473326403616 7
stamp 1790410370046234026 281473326403616 8
stamp 1790410370114993286 281473270640704 1
stamp 1790410370114996323 281473270640704 2
stamp 1790410370146769015 281473270640704 1
stamp 1790410370146771552 281473270640704 2
stamp 1790410370146772200 281473270640704 3
stamp 1790410370146775367 281473270640704 4
stamp 1790410370146783126 281473326403616 5
stamp 1790410370146786293 281473326403616 6
stamp 1790410370146787015 281473326403616 7
stamp 1790410370146798774 281473326403616 8
stamp 1790410370247336041 281473270640704 1
stamp 1790410370247338652 281473270640704 2
stamp 1790410370247339319 281473270640704 3
stamp 1790410370247342430 281473270640704 4
stamp 1790410370247350115 281473326403616 5
stamp 1790410370247353226 281473326403616 6
stamp 1790410370247353967 281473326403616 7
stamp 1790410370247365578 281473326403616 8
stamp 1790410370347899808 281473270640704 1
stamp 1790410370347902604 281473270640704 2
stamp 1790410370347903364 281473270640704 3
stamp 1790410370347906734 281473270640704 4
stamp 1790410370347914530 281473326403616 5
stamp 1790410370347917623 281473326403616 6
stamp 1790410370347918530 281473326403616 7
stamp 1790410370347931438 281473326403616 8
stamp 1790410370448457834 281473270640704 1
stamp 1790410370448462094 281473270640704 2
stamp 1790410370448463594 281473270640704 3
stamp 1790410370448467557 281473270640704 4
stamp 1790410370448475482 281473326403616 5
stamp 1790410370448478723 281473326403616 6
stamp 1790410370448479538 281473326403616 7
stamp 1790410370448491205 281473326403616 8
stamp 1790410370549021509 281473270640704 1
stamp 1790410370549023972 281473270640704 2
stamp 1790410370549024601 281473270640704 3
stamp 1790410370549027768 281473270640704 4
stamp 1790410370549035490 281473326403616 5
stamp 1790410370549038472 281473326403616 6
stamp 1790410370549039231 281473326403616 7
stamp 1790410370549050712 281473326403616 8
stamp 1790410370649594479 281473270640704 1
stamp 1790410370649597127 281473270640704 2
stamp 1790410370649597868 281473270640704 3
stamp 1790410370649600961 281473270640704 4
stamp 1790410370649608664 281473326403616 5
stamp 1790410370649611776 281473326403616 6
stamp 1790410370649612479 281473326403616 7
stamp 1790410370649624553 281473326403616 8
stamp 1790410370750158061 281473270640704 1
stamp 1790410370750160542 281473270640704 2
stamp 1790410370750161191 281473270640704 3
stamp 1790410370750164265 281473270640704 4
stamp 1790410370750171987 281473326403616 5
stamp 1790410370750175079 281473326403616 6
stamp 1790410370750175820 281473326403616 7
stamp 1790410370750187413 281473326403616 8
stamp 1790410370850728772 281473270640704 1
stamp 1790410370850731217 281473270640704 2
stamp 1790410370850731865 281473270640704 3
stamp 1790410370850734865 281473270640704 4
stamp 1790410370850742680 281473326403616 5
stamp 1790410370850745754 281473326403616 6
stamp 1790410370850754902 281473326403616 7
stamp 1790410370850767143 281473326403616 8
stamp 1790410370951297298 281473270640704 1
stamp 1790410370951300021 281473270640704 2
stamp 1790410370951300706 281473270640704 3
stamp 1790410370951303910 281473270640704 4
stamp 1790410370951311576 281473326403616 5
stamp 1790410370951314873 281473326403616 6
stamp 1790410370951315965 281473326403616 7
stamp 1790410370951328410 281473326403616 8
stamp 1790410370976084745 281473270640704 8
stamp 1790410370976089504 281473270640704 1
stamp 1790410370976092485 281473270640704 2
stamp 1790410371051870250 281473270640704 1
stamp 1790410371051874695 281473270640704 2
stamp 1790410371051876010 281473270640704 3
stamp 1790410371051879973 281473270640704 4
stamp 1790410371051888102 281473326403616 5
stamp 1790410371051891195 281473326403616 6
stamp 1790410371051892139 281473326403616 7
stamp 1790410371051903862 281473326403616 8
stamp 1790410371114992524 281473270640704 1
stamp 1790410371114996653 281473270640704 2
stamp 1790410371152447869 281473270640704 1
stamp 1790410371152450554 281473270640704 2
stamp 1790410371152451147 281473270640704 3
stamp 1790410371152454258 281473270640704 4
stamp 1790410371152461869 281473326403616 5
stamp 1790410371152464776 281473326403616 6
stamp 1790410371152465591 281473326403616 7
stamp 1790410371152477332 281473326403616 8
stamp 1790410371253019802 281473270640704 1
stamp 1790410371253024043 281473270640704 2
stamp 1790410371253025413 281473270640704 3
stamp 1790410371253029154 281473270640704 4
stamp 1790410371253036895 281473326403616 5
stamp 1790410371253039932 281473326403616 6
stamp 1790410371253040672 281473326403616 7
stamp 1790410371253052821 281473326403616 8
stamp 1790410371353588532 281473270640704 1
stamp 1790410371353591272 281473270640704 2
stamp 1790410371353591920 281473270640704 3
stamp 1790410371353595050 281473270640704 4
stamp 1790410371353602754 281473326403616 5
stamp 1790410371353606013 281473326403616 6
stamp 1790410371353606865 281473326403616 7
stamp 1790410371353620106 281473326403616 8
stamp 1790410371454160261 281473270640704 1
stamp 1790410371454163946 281473270640704 2
stamp 1790410371454164576 281473270640704 3
stamp 1790410371454167687 281473270640704 4
stamp 1790410371454175298 281473326403616 5
stamp 1790410371454178483 281473326403616 6
stamp 1790410371454179224 281473326403616 7
stamp 1790410371454190780 281473326403616 8
stamp 1790410371554732657 281473270640704 1
stamp 1790410371554735361 281473270640704 2
stamp 1790410371554735991 281473270640704 3
stamp 1790410371554739102 281473270640704 4
stamp 1790410371554746639 281473326403616 5
stamp 1790410371554749602 281473326403616 6
stamp 1790410371554750361 281473326403616 7
stamp 1790410371554761824 281473326403616 8
stamp 1790410371655303664 281473270640704 1
stamp 1790410371655307757 281473270640704 2
stamp 1790410371655309109 281473270640704 3
stamp 1790410371655312831 281473270640704 4
stamp 1790410371655320905 281473326403616 5
stamp 1790410371655324183 281473326403616 6
stamp 1790410371655324961 281473326403616 7
stamp 1790410371655336979 281473326403616 8
stamp 1790410371755877950 281473270640704 1
stamp 1790410371755880505 281473270640704 2
stamp 1790410371755881153 281473270640704 3
stamp 1790410371755884264 281473270640704 4
stamp 1790410371755892005 281473326403616 5
stamp 1790410371755895079 281473326403616 6
stamp 1790410371755895820 281473326403616 7
stamp 1790410371755909024 281473326403616 8
stamp 1790410371856446827 281473270640704 1
stamp 1790410371856449346 281473270640704 2
stamp 1790410371856450049 281473270640704 3
stamp 1790410371856453142 281473270640704 4
stamp 1790410371856460846 281473326403616 5
stamp 1790410371856464031 281473326403616 6
stamp 1790410371856464698 281473326403616 7
stamp 1790410371856476494 281473326403616 8
stamp 1790410371957013149 281473270640704 1
stamp 1790410371957016520 281473270640704 2
stamp 1790410371957017149 281473270640704 3
stamp 1790410371957020149 281473270640704 4
stamp 1790410371957028149 281473326403616 5
stamp 1790410371957031260 281473326403616 6
stamp 1790410371957032205 281473326403616 7
stamp 1790410371957046816 281473326403616 8
stamp 1790410371976082831 281473270640704 8
stamp 1790410371976087702 281473270640704 1
stamp 1790410371976091257 281473270640704 2
stamp 1790410372057584657 281473270640704 1
stamp 1790410372057587657 281473270640704 2
stamp 1790410372057588897 281473270640704 3
stamp 1790410372057592194 281473270640704 4
stamp 1790410372057600045 281473326403616 5
stamp 1790410372057603453 281473326403616 6
stamp 1790410372057604416 281473326403616 7
stamp 1790410372057616675 281473326403616 8
stamp 1790410372114987721 281473270640704 1
stamp 1790410372114991092 281473270640704 2
stamp 1790410372158152163 281473270640704 1
stamp 1790410372158154608 281473270640704 2
stamp 1790410372158155145 281473270640704 3
stamp 1790410372158158182 281473270640704 4
stamp 1790410372158165719 281473326403616 5
stamp 1790410372158168737 281473326403616 6
stamp 1790410372158169534 281473326403616 7
stamp 1790410372158181034 281473326403616 8
stamp 1790410372258724096 281473270640704 1
stamp 1790410372258726726 281473270640704 2
stamp 1790410372258727356 281473270640704 3
stamp 1790410372258730430 281473270640704 4
stamp 1790410372258738337 281473326403616 5
stamp 1790410372258741319 281473326403616 6
stamp 1790410372258742041 281473326403616 7
stamp 1790410372258753670 281473326403616 8
stamp 1790410372359292788 281473270640704 1
stamp 1790410372359295177 281473270640704 2
stamp 1790410372359295807 281473270640704 3
stamp 1790410372359298825 281473270640704 4
stamp 1790410372359306437 281473326403616 5
stamp 1790410372359309455 281473326403616 6
stamp 1790410372359310251 281473326403616 7
stamp 1790410372359322103 281473326403616 8
stamp 1790410372459862055 281473270640704 1
stamp 1790410372459864740 281473270640704 2
stamp 1790410372459865351 281473270640704 3
stamp 1790410372459868314 281473270640704 4
stamp 1790410372459876055 281473326403616 5
stamp 1790410372459879147 281473326403616 6
stamp 1790410372459879906 281473326403616 7
stamp 1790410372459894647 281473326403616 8
stamp 1790410372560431802 281473270640704 1
stamp 1790410372560435136 281473270640704 2
stamp 1790410372560435747 281473270640704 3
stamp 1790410372560438765 281473270640704 4
stamp 1790410372560446450 281473326403616 5
stamp 1790410372560449599 281473326403616 6
stamp 1790410372560450284 281473326403616 7
stamp 1790410372560462006 281473326403616 8
stamp 1790410372660973939 281473270640704 1
stamp 1790410372660978513 281473270640704 2
stamp 1790410372660979865 281473270640704 3
stamp 1790410372660983754 281473270640704 4
stamp 1790410372660991846 281473326403616 5
stamp 1790410372660995198 281473326403616 6
stamp 1790410372660996309 281473326403616 7
stamp 1790410372661011957 281473326403616 8
stamp 1790410372761531223 281473270640704 1
stamp 1790410372761533890 281473270640704 2
stamp 1790410372761534520 281473270640704 3
stamp 1790410372761537686 281473270640704 4
stamp 1790410372761545501 281473326403616 5
stamp 1790410372761548742 281473326403616 6
stamp 1790410372761549742 281473326403616 7
stamp 1790410372761561631 281473326403616 8
stamp 1790410372862098712 281473270640704 1
stamp 1790410372862101304 281473270640704 2
stamp 1790410372862102064 281473270640704 3
stamp 1790410372862105230 281473270640704 4
stamp 1790410372862113082 281473326403616 5
stamp 1790410372862116341 281473326403616 6
stamp 1790410372862117508 281473326403616 7
stamp 1790410372862139397 281473326403616 8
stamp 1790410372962636330 281473270640704 1
stamp 1790410372962639052 281473270640704 2
stamp 1790410372962639700 281473270640704 3
stamp 1790410372962642848 281473270640704 4
stamp 1790410372962650978 281473326403616 5
stamp 1790410372962654663 281473326403616 6
stamp 1790410372962655793 281473326403616 7
stamp 1790410372962669774 281473326403616 8
stamp 1790410372976084118 281473270640704 8
stamp 1790410372976088785 281473270640704 1
stamp 1790410372976091748 281473270640704 2
stamp 1790410373063206040 281473270640704 1
stamp 1790410373063208614 281473270640704 2
stamp 1790410373063209355 281473270640704 3
stamp 1790410373063212577 281473270640704 4
stamp 1790410373063220577 281473326403616 5
stamp 1790410373063223818 281473326403616 6
stamp 1790410373063224911 281473326403616 7
stamp 1790410373063237485 281473326403616 8
stamp 1790410373114989100 281473270640704 1
stamp 1790410373114991767 281473270640704 2
stamp 1790410373163773565 281473270640704 1
stamp 1790410373163776954 281473270640704 2
stamp 1790410373163777547 281473270640704 3
stamp 1790410373163780640 281473270640704 4
stamp 1790410373163788232 281473326403616 5
stamp 1790410373163791325 281473326403616 6
stamp 1790410373163792084 281473326403616 7
stamp 1790410373163803658 281473326403616 8
stamp 1790410373264362405 281473270640704 1
stamp 1790410373264366868 281473270640704 2
stamp 1790410373264368239 281473270640704 3
stamp 1790410373264371961 281473270640704 4
stamp 1790410373264379757 281473326403616 5
stamp 1790410373264382831 281473326403616 6
stamp 1790410373264383535 281473326403616 7
stamp 1790410373264395757 281473326403616 8
stamp 1790410373364933523 281473270640704 1
stamp 1790410373364937116 281473270640704 2
stamp 1790410373364937986 281473270640704 3
stamp 1790410373364941523 281473270640704 4
stamp 1790410373364950486 281473326403616 5
stamp 1790410373364955801 281473326403616 6
stamp 1790410373364957116 281473326403616 7
stamp 1790410373364982579 281473326403616 8
stamp 1790410373465499233 281473270640704 1
stamp 1790410373465501881 281473270640704 2
stamp 1790410373465502678 281473270640704 3
stamp 1790410373465505770 281473270640704 4
stamp 1790410373465514030 281473326403616 5
stamp 1790410373465517678 281473326403616 6
stamp 1790410373465518807 281473326403616 7
stamp 1790410373465531511 281473326403616 8
stamp 1790410373566069573 281473270640704 1
stamp 1790410373566072073 281473270640704 2
stamp 1790410373566072740 281473270640704 3
stamp 1790410373566075832 281473270640704 4
stamp 1790410373566083666 281473326403616 5
stamp 1790410373566086888 281473326403616 6
stamp 1790410373566087684 281473326403616 7
stamp 1790410373566099740 281473326403616 8
stamp 1790410373666641431 281473270640704 1
stamp 1790410373666645839 281473270640704 2
stamp 1790410373666647561 281473270640704 3
stamp 1790410373666651357 281473270640704 4
stamp 1790410373666659598 281473326403616 5
stamp 1790410373666664154 281473326403616 6
stamp 1790410373666665413 281473326403616 7
stamp 1790410373666683135 281473326403616 8
stamp 1790410373767200920 281473270640704 1
stamp 1790410373767204031 281473270640704 2
stamp 1790410373767204753 281473270640704 3
stamp 1790410373767208068 281473270640704 4
stamp 1790410373767216031 281473326403616 5
stamp 1790410373767219475 281473326403616 6
stamp 1790410373767220531 281473326403616 7
stamp 1790410373767234475 281473326403616 8
stamp 1790410373867768445 281473270640704 1
stamp 1790410373867771019 281473270640704 2
stamp 1790410373867771667 281473270640704 3
stamp 1790410373867774796 281473270640704 4
stamp 1790410373867782759 281473326403616 5
stamp 1790410373867785871 281473326403616 6
stamp 1790410373867786796 281473326403616 7
stamp 1790410373867798908 281473326403616 8
stamp 1790410373968336544 281473270640704 1
stamp 1790410373968339673 281473270640704 2
stamp 1790410373968340359 281473270640704 3
stamp 1790410373968343414 281473270640704 4
stamp 1790410373968351599 281473326403616 5
stamp 1790410373968355192 281473326403616 6
stamp 1790410373968356322 281473326403616 7
stamp 1790410373968371951 281473326403616 8
stamp 1790410373976086106 281473270640704 8
stamp 1790410373976090717 281473270640704 1
stamp 1790410373976093846 281473270640704 2
stamp 1790410374068917865 281473270640704 1
stamp 1790410374068920865 281473270640704 2
stamp 1790410374068921587 281473270640704 3
stamp 1790410374068924717 281473270640704 4
stamp 1790410374068932606 281473326403616 5
stamp 1790410374068936013 281473326403616 6
stamp 1790410374068937161 281473326403616 7
stamp 1790410374068952161 281473326403616 8
stamp 1790410374114985494 281473270640704 1
stamp 1790410374114988346 281473270640704 2
stamp 1790410374169494982 281473270640704 1
stamp 1790410374169498334 281473270640704 2
stamp 1790410374169499038 281473270640704 3
stamp 1790410374169502223 281473270640704 4
stamp 1790410374169510056 281473326403616 5
stamp 1790410374169513130 281473326403616 6
stamp 1790410374169514075 281473326403616 7
stamp 1790410374169527334 281473326403616 8
stamp 1790410374270068636 281473270640704 1
stamp 1790410374270071136 281473270640704 2
stamp 1790410374270071803 281473270640704 3
stamp 1790410374270074877 281473270640704 4
stamp 1790410374270082692 281473326403616 5
stamp 1790410374270085655 281473326403616 6
stamp 1790410374270086396 281473326403616 7
stamp 1790410374270098044 281473326403616 8
stamp 1790410374370632717 281473270640704 1
stamp 1790410374370635272 281473270640704 2
stamp 1790410374370635939 281473270640704 3
stamp 1790410374370639050 281473270640704 4
stamp 1790410374370647198 281473326403616 5
stamp 1790410374370650420 281473326403616 6
stamp 1790410374370651217 281473326403616 7
stamp 1790410374370663180 281473326403616 8
stamp 1790410374471199630 281473270640704 1
stamp 1790410374471202112 281473270640704 2
stamp 1790410374471202741 281473270640704 3
stamp 1790410374471205667 281473270640704 4
stamp 1790410374471213593 281473326403616 5
stamp 1790410374471216741 281473326403616 6
stamp 1790410374471217464 281473326403616 7
stamp 1790410374471229241 281473326403616 8
stamp 1790410374571768211 281473270640704 1
stamp 1790410374571770933 281473270640704 2
stamp 1790410374571771544 281473270640704 3
stamp 1790410374571774618 281473270640704 4
stamp 1790410374571782748 281473326403616 5
stamp 1790410374571786600 281473326403616 6
stamp 1790410374571787507 281473326403616 7
stamp 1790410374571801970 281473326403616 8
stamp 1790410374672336902 281473270640704 1
stamp 1790410374672339439 281473270640704 2
stamp 1790410374672340124 281473270640704 3
stamp 1790410374672343180 281473270640704 4
stamp 1790410374672351069 281473326403616 5
stamp 1790410374672354458 281473326403616 6
stamp 1790410374672355346 281473326403616 7
stamp 1790410374672367291 281473326403616 8
stamp 1790410374772903038 281473270640704 1
stamp 1790410374772905538 281473270640704 2
stamp 1790410374772906168 281473270640704 3
stamp 1790410374772909205 281473270640704 4
stamp 1790410374772916927 281473326403616 5
stamp 1790410374772919945 281473326403616 6
stamp 1790410374772920760 281473326403616 7
stamp 1790410374772933038 281473326403616 8
stamp 1790410374873469359 281473270640704 1
stamp 1790410374873471822 281473270640704 2
stamp 1790410374873472488 281473270640704 3
stamp 1790410374873475433 281473270640704 4
stamp 1790410374873483211 281473326403616 5
stamp 1790410374873486285 281473326403616 6
stamp 1790410374873486988 281473326403616 7
stamp 1790410374873509507 281473326403616 8
stamp 1790410374974035606 281473270640704 1
stamp 1790410374974041661 281473270640704 2
stamp 1790410374974042272 281473270640704 3
stamp 1790410374974045346 281473270640704 4
stamp 1790410374974052921 281473326403616 5
stamp 1790410374974056087 281473326403616 6
stamp 1790410374974057069 281473326403616 7
stamp 1790410374974069439 281473326403616 8
stamp 1790410374976078367 281473270640704 8
stamp 1790410374976083644 281473270640704 1
stamp 1790410374976086552 281473270640704 2
stamp 1790410375074609371 281473270640704 1
stamp 1790410375074612056 281473270640704 2
stamp 1790410375074613056 281473270640704 3
stamp 1790410375074616519 281473270640704 4
stamp 1790410375074624353 281473326403616 5
stamp 1790410375074627853 281473326403616 6
stamp 1790410375074628797 281473326403616 7
stamp 1790410375074640667 281473326403616 8
stamp 1790410375114983885 281473270640704 1
stamp 1790410375114986514 281473270640704 2
stamp 1790410375175173044 281473270640704 1
stamp 1790410375175175488 281473270640704 2
stamp 1790410375175176081 281473270640704 3
stamp 1790410375175179303 281473270640704 4
stamp 1790410375175186951 281473326403616 5
stamp 1790410375175190025 281473326403616 6
stamp 1790410375175190840 281473326403616 7
stamp 1790410375175202470 281473326403616 8
stamp 1790410375275745253 281473270640704 1
stamp 1790410375275749272 281473270640704 2
stamp 1790410375275750420 281473270640704 3
stamp 1790410375275754198 281473270640704 4
stamp 1790410375275761846 281473326403616 5
stamp 1790410375275764975 281473326403616 6
stamp 1790410375275765716 281473326403616 7
stamp 1790410375275778586 281473326403616 8
stamp 1790410375376308351 281473270640704 1
stamp 1790410375376311000 281473270640704 2
stamp 1790410375376311703 281473270640704 3
stamp 1790410375376314833 281473270640704 4
stamp 1790410375376322685 281473326403616 5
stamp 1790410375376326407 281473326403616 6
stamp 1790410375376327574 281473326403616 7
stamp 1790410375376342944 281473326403616 8
stamp 1790410375476872950 281473270640704 1
stamp 1790410375476875931 281473270640704 2
stamp 1790410375476876672 281473270640704 3
stamp 1790410375476879820 281473270640704 4
stamp 1790410375476887617 281473326403616 5
stamp 1790410375476890913 281473326403616 6
stamp 1790410375476892005 281473326403616 7
stamp 1790410375476905635 281473326403616 8
stamp 1790410375577438011 281473270640704 1
stamp 1790410375577440567 281473270640704 2
stamp 1790410375577441215 281473270640704 3
stamp 1790410375577444419 281473270640704 4
stamp 1790410375577452400 281473326403616 5
stamp 1790410375577455585 281473326403616 6
stamp 1790410375577456363 281473326403616 7
stamp 1790410375577468752 281473326403616 8
stamp 1790410375678006202 281473270640704 1
stamp 1790410375678010221 281473270640704 2
stamp 1790410375678011406 281473270640704 3
stamp 1790410375678015091 281473270640704 4
stamp 1790410375678022758 281473326403616 5
stamp 1790410375678025776 281473326403616 6
stamp 1790410375678026591 281473326403616 7
stamp 1790410375678038239 281473326403616 8
stamp 1790410375778568486 281473270640704 1
stamp 1790410375778571153 281473270640704 2
stamp 1790410375778571875 281473270640704 3
stamp 1790410375778575134 281473270640704 4
stamp 1790410375778582856 281473326403616 5
stamp 1790410375778585893 281473326403616 6
stamp 1790410375778586597 281473326403616 7
stamp 1790410375778598190 281473326403616 8
stamp 1790410375879133603 281473270640704 1
stamp 1790410375879136066 281473270640704 2
stamp 1790410375879136677 281473270640704 3
stamp 1790410375879139732 281473270640704 4
stamp 1790410375879147621 281473326403616 5
stamp 1790410375879151121 281473326403616 6
stamp 1790410375879152084 281473326403616 7
stamp 1790410375879168214 281473326403616 8
stamp 1790410375976082569 281473270640704 8
stamp 1790410375976087365 281473270640704 1
stamp 1790410375976090254 281473270640704 2
stamp 1790410375979699164 281473270640704 1
stamp 1790410375979701757 281473270640704 2
stamp 1790410375979702498 281473270640704 3
stamp 1790410375979705664 281473270640704 4
stamp 1790410375979713905 281473326403616 5
stamp 1790410375979717757 281473326403616 6
stamp 1790410375979719127 281473326403616 7
stamp 1790410375979735257 281473326403616 8
stamp 1790410376080268910 281473270640704 1
stamp 1790410376080271522 281473270640704 2
stamp 1790410376080272225 281473270640704 3
stamp 1790410376080275244 281473270640704 4
stamp 1790410376080283188 281473326403616 5
stamp 1790410376080286373 281473326403616 6
stamp 1790410376080287392 281473326403616 7
stamp 1790410376080299799 281473326403616 8
stamp 1790410376114981864 281473270640704 1
stamp 1790410376114984401 281473270640704 2
stamp 1790410376180794249 281473270640704 1
stamp 1790410376180796768 281473270640704 2
stamp 1790410376180797360 281473270640704 3
stamp 1790410376180800416 281473270640704 4
stamp 1790410376180808268 281473326403616 5
stamp 1790410376180811342 281473326403616 6
stamp 1790410376180812101 281473326403616 7
stamp 1790410376180824027 281473326403616 8
stamp 1790410376281369273 281473270640704 1
stamp 1790410376281374495 281473270640704 2
stamp 1790410376281375977 281473270640704 3
stamp 1790410376281379607 281473270640704 4
stamp 1790410376281387218 281473326403616 5
stamp 1790410376281390292 281473326403616 6
stamp 1790410376281391014 281473326403616 7
stamp 1790410376281402847 281473326403616 8
stamp 1790410376381937093 281473270640704 1
stamp 1790410376381939816 281473270640704 2
stamp 1790410376381940501 281473270640704 3
stamp 1790410376381943630 281473270640704 4
stamp 1790410376381951408 281473326403616 5
stamp 1790410376381954445 281473326403616 6
stamp 1790410376381955149 281473326403616 7
stamp 1790410376381974353 281473326403616 8
stamp 1790410376482505154 281473270640704 1
stamp 1790410376482507617 281473270640704 2
stamp 1790410376482508266 281473270640704 3
stamp 1790410376482511321 281473270640704 4
stamp 1790410376482518969 281473326403616 5
stamp 1790410376482522247 281473326403616 6
stamp 1790410376482523247 281473326403616 7
stamp 1790410376482538469 281473326403616 8
stamp 1790410376583075697 281473270640704 1
stamp 1790410376583080308 281473270640704 2
stamp 1790410376583081623 281473270640704 3
stamp 1790410376583085530 281473270640704 4
stamp 1790410376583093808 281473326403616 5
stamp 1790410376583096938 281473326403616 6
stamp 1790410376583097864 281473326403616 7
stamp 1790410376583109845 281473326403616 8
stamp 1790410376683635869 281473270640704 1
stamp 1790410376683640462 281473270640704 2
stamp 1790410376683642017 281473270640704 3
stamp 1790410376683646073 281473270640704 4
stamp 1790410376683653925 281473326403616 5
stamp 1790410376683657202 281473326403616 6
stamp 1790410376683657962 281473326403616 7
stamp 1790410376683671443 281473326403616 8
stamp 1790410376784205319 281473270640704 1
stamp 1790410376784207911 281473270640704 2
stamp 1790410376784208615 281473270640704 3
stamp 1790410376784211986 281473270640704 4
stamp 1790410376784219837 281473326403616 5
stamp 1790410376784222819 281473326403616 6
stamp 1790410376784223578 281473326403616 7
stamp 1790410376784235319 281473326403616 8
stamp 1790410376884772639 281473270640704 1
stamp 1790410376884775380 281473270640704 2
stamp 1790410376884776010 281473270640704 3
stamp 1790410376884779084 281473270640704 4
stamp 1790410376884786732 281473326403616 5
stamp 1790410376884789732 281473326403616 6
stamp 1790410376884790510 281473326403616 7
stamp 1790410376884802028 281473326403616 8
stamp 1790410376976083619 281473270640704 8
stamp 1790410376976088026 281473270640704 1
stamp 1790410376976091285 281473270640704 2
stamp 1790410376985341774 281473270640704 1
stamp 1790410376985344422 281473270640704 2
stamp 1790410376985345145 281473270640704 3
stamp 1790410376985348719 281473270640704 4
stamp 1790410376985356719 281473326403616 5
stamp 1790410376985360311 281473326403616 6
stamp 1790410376985361311 281473326403616 7
stamp 1790410376985380256 281473326403616 8
stamp 1790410377085912909 281473270640704 1
stamp 1790410377085915687 281473270640704 2
stamp 1790410377085916354 281473270640704 3
stamp 1790410377085919391 281473270640704 4
stamp 1790410377085927650 281473326403616 5
stamp 1790410377085931724 281473326403616 6
stamp 1790410377085933094 281473326403616 7
stamp 1790410377085949817 281473326403616 8
stamp 1790410377114983654 281473270640704 1
stamp 1790410377114986265 281473270640704 2
stamp 1790410377186480322 281473270640704 1
stamp 1790410377186482877 281473270640704 2
stamp 1790410377186483507 281473270640704 3
stamp 1790410377186486618 281473270640704 4
stamp 1790410377186494636 281473326403616 5
stamp 1790410377186497896 281473326403616 6
stamp 1790410377186498970 281473326403616 7
stamp 1790410377186511099 281473326403616 8
stamp 1790410377287059716 281473270640704 1
stamp 1790410377287063753 281473270640704 2
stamp 1790410377287065271 281473270640704 3
stamp 1790410377287068975 281473270640704 4
stamp 1790410377287076660 281473326403616 5
stamp 1790410377287079882 281473326403616 6
stamp 1790410377287080660 281473326403616 7
stamp 1790410377287092438 281473326403616 8
stamp 1790410377387626535 281473270640704 1
stamp 1790410377387629517 281473270640704 2
stamp 1790410377387630239 281473270640704 3
stamp 1790410377387633498 281473270640704 4
stamp 1790410377387640369 281473326403616 5
stamp 1790410377387643498 281473326403616 6
stamp 1790410377387644258 281473326403616 7
stamp 1790410377387657165 281473326403616 8
stamp 1790410377488194800 281473270640704 1
stamp 1790410377488197300 281473270640704 2
stamp 1790410377488197911 281473270640704 3
stamp 1790410377488201078 281473270640704 4
stamp 1790410377488208448 281473326403616 5
stamp 1790410377488211559 281473326403616 6
stamp 1790410377488212374 281473326403616 7
stamp 1790410377488226726 281473326403616 8
stamp 1790410377588764898 281473270640704 1
stamp 1790410377588767305 281473270640704 2
stamp 1790410377588767953 281473270640704 3
stamp 1790410377588771027 281473270640704 4
stamp 1790410377588778694 281473326403616 5
stamp 1790410377588781657 281473326403616 6
stamp 1790410377588782342 281473326403616 7
stamp 1790410377588795268 281473326403616 8
stamp 1790410377689340310 281473270640704 1
stamp 1790410377689344643 281473270640704 2
stamp 1790410377689345884 281473270640704 3
stamp 1790410377689349495 281473270640704 4
stamp 1790410377689357477 281473326403616 5
stamp 1790410377689361643 281473326403616 6
stamp 1790410377689362847 281473326403616 7
stamp 1790410377689380014 281473326403616 8
stamp 1790410377789911612 281473270640704 1
stamp 1790410377789915037 281473270640704 2
stamp 1790410377789915686 281473270640704 3
stamp 1790410377789918852 281473270640704 4
stamp 1790410377789927056 281473326403616 5
stamp 1790410377789931371 281473326403616 6
stamp 1790410377789932834 281473326403616 7
stamp 1790410377789948130 281473326403616 8
stamp 1790410377890478135 281473270640704 1
stamp 1790410377890481320 281473270640704 2
stamp 1790410377890481950 281473270640704 3
stamp 1790410377890485024 281473270640704 4
stamp 1790410377890492931 281473326403616 5
stamp 1790410377890496709 281473326403616 6
stamp 1790410377890497820 281473326403616 7
stamp 1790410377890514580 281473326403616 8
stamp 1790410377976081832 281473270640704 8
stamp 1790410377976086573 281473270640704 1
stamp 1790410377976089610 281473270640704 2
stamp 1790410377991046918 281473270640704 1
stamp 1790410377991049566 281473270640704 2
stamp 1790410377991050381 281473270640704 3
stamp 1790410377991053511 281473270640704 4
stamp 1790410377991061418 281473326403616 5
stamp 1790410377991065307 281473326403616 6
stamp 1790410377991066548 281473326403616 7
stamp 1790410377991082585 281473326403616 8
stamp 1790410378091612515 281473270640704 1
stamp 1790410378091615071 281473270640704 2
stamp 1790410378091615756 281473270640704 3
stamp 1790410378091618904 281473270640704 4
stamp 1790410378091626664 281473326403616 5
stamp 1790410378091629867 281473326403616 6
stamp 1790410378091630867 281473326403616 7
stamp 1790410378091643071 281473326403616 8
stamp 1790410378114981478 281473270640704 1
stamp 1790410378114984497 281473270640704 2
stamp 1790410378192282576 281473270640704 1
stamp 1790410378192285242 281473270640704 2
stamp 1790410378192295539 281473270640704 2
stamp 1790410378192635095 281473270640704 1
stamp 1790410378192637372 281473270640704 2
stamp 1790410378225404472 281473270640704 1
stamp 1790410378225406954 281473270640704 2
stamp 1790410378976109338 281473270640704 8
stamp 1790410378976114172 281473270640704 1
stamp 1790410378976119042 281473270640704 2
